# Episode	Mean score	Min	Max	Standard deviation	Scores	# Feature weights	
0		1037.710000	16	4478	922.560100		16 58 2185 1262 705 922 438 586 118 590 499 2016 2490 372 248 406 319 780 885 1709 1343 1029 1359 4180 402 142 550 679 383 489 671 71 244 264 235 91 1756 1031 289 1163 1381 1149 1381 401 1296 1088 2320 4478 1581 1539 847 183 2024 1311 3056 567 2045 1237 1736 2085 2634 183 819 1816 537 60 649 317 1083 2468 643 3284 907 1500 82 455 2860 280 2140 596 1063 2961 539 176 343 27 508 406 308 1060 1224 20 94 370 1089 1348 2352 304 387 1199 	# 7.557468 -0.004792 -0.858329 -0.171330 0.904273 -0.685385 -0.025111 -0.147802 -0.366544 -0.353814 
1		83.370000	22	235	43.497743		115 22 106 132 85 50 71 68 50 163 94 47 107 54 88 42 54 119 107 100 45 81 151 65 48 88 25 56 133 62 235 78 132 54 68 75 42 126 68 90 82 61 58 89 76 41 54 76 50 98 65 37 23 67 40 211 93 52 96 65 38 48 134 170 217 183 71 125 35 44 74 59 71 165 94 53 130 68 72 109 133 84 94 26 63 77 39 81 67 125 139 59 58 60 65 42 173 45 59 58 	# 4.285001 -0.196901 -0.337912 -0.138885 0.648077 -0.311226 -0.185272 -0.120905 0.105255 0.360900 
2		1394.180000	9	6296	1361.051513		432 1631 191 68 1709 909 1600 870 1000 1342 1776 131 2709 857 118 2743 9 1407 245 459 1914 33 1034 5571 395 394 399 4727 2799 2315 957 885 3473 3085 3942 185 723 562 1615 2827 2259 1073 3639 390 108 737 1952 4249 1643 177 1702 100 3984 2420 1021 1813 191 2170 1908 287 231 235 6296 269 2350 129 224 901 1648 1048 4014 1999 2396 349 715 851 127 1054 59 2605 481 1635 85 3303 637 750 2017 2151 31 695 753 178 440 373 5228 568 931 631 479 688 	# 7.742318 0.112859 -0.932146 -0.153828 0.803763 -0.867320 0.080891 -0.138438 0.501224 0.632538 
3		1.590000	0	7	1.464013		0 1 1 2 2 0 3 1 1 3 1 3 1 1 1 1 0 1 2 3 1 0 1 3 2 7 4 0 2 2 3 0 6 0 2 1 2 0 2 2 5 1 3 2 2 0 0 1 0 1 2 1 1 1 3 3 2 0 3 6 2 4 0 0 2 3 2 3 2 1 2 1 1 2 0 2 1 3 1 0 1 2 0 1 4 1 1 0 0 5 1 0 1 1 0 0 0 3 0 1 	# -4.796861 -0.556555 0.018063 -0.073256 1.081504 0.078343 -0.470205 -0.051313 0.111169 0.035765 
4		1.520000	0	23	3.349898		5 0 0 0 1 3 4 0 3 1 11 0 0 0 2 0 0 3 1 3 3 0 0 0 0 6 0 0 10 0 0 0 0 0 0 11 0 0 0 1 2 0 0 0 4 0 0 0 1 4 0 3 0 0 0 11 0 0 0 1 1 1 0 1 0 1 0 0 3 0 0 0 0 7 0 0 0 1 0 0 0 0 0 7 2 0 0 0 2 0 0 0 2 0 0 0 0 7 23 0 	# -10.502486 0.164669 -0.191383 -0.006662 0.758426 -0.141854 0.107519 -0.016217 -0.075617 0.120196 
5		0.060000	0	1	0.238683		0 0 0 0 0 0 0 0 0 0 0 0 0 0 0 1 0 0 0 0 0 0 0 0 0 0 0 0 0 0 0 0 0 0 0 0 0 0 0 0 1 0 1 0 0 0 0 0 0 0 0 0 0 0 0 0 0 0 0 0 0 0 0 0 0 0 0 0 0 1 1 0 1 0 0 0 0 0 0 0 0 0 0 0 0 0 0 0 0 0 0 0 0 0 0 0 0 0 0 0 	# -17.521463 -0.243355 0.005691 -0.029639 1.368980 0.114211 -0.197960 -0.025129 0.136617 -0.171429 
6		0.110000	0	5	0.617833		0 0 0 0 5 0 0 0 0 0 0 0 0 0 0 0 0 0 0 0 0 0 0 0 0 0 0 0 0 0 0 0 0 0 0 0 0 0 0 0 0 0 0 0 0 0 0 0 0 0 0 0 3 0 0 0 0 0 1 0 0 0 0 0 0 0 0 0 0 0 0 0 0 0 0 0 0 0 0 0 0 0 0 0 0 0 0 0 0 0 0 0 0 0 0 0 0 0 2 0 	# -2.609350 0.004309 -0.020085 0.005127 0.179390 -0.010155 0.001655 0.001253 0.021640 0.835301 
7		0.970000	0	4	1.077361		2 3 0 2 0 0 1 0 3 1 0 1 1 2 0 0 2 2 2 0 3 1 0 0 1 0 0 0 0 2 2 0 2 0 3 2 0 0 0 0 0 0 0 0 1 0 1 0 0 2 2 1 2 2 1 0 2 3 1 1 1 0 0 1 0 0 0 0 3 2 3 0 1 1 0 2 0 0 1 0 3 0 1 1 1 0 0 0 4 0 2 2 1 3 0 0 2 1 3 1 	# -16.702470 -0.028520 -0.280575 -0.130456 1.521057 -0.121119 -0.041008 -0.122829 -0.359390 -0.913634 
8		0.220000	0	6	0.894201		0 0 0 0 0 0 0 0 0 0 0 0 0 0 0 0 0 0 0 0 0 0 5 0 0 2 0 0 0 1 0 0 6 0 0 0 2 0 0 0 0 0 0 0 0 0 0 2 0 0 0 0 0 0 0 0 0 0 0 0 1 0 0 0 0 0 0 0 0 0 0 0 0 0 0 0 0 0 0 0 0 0 0 0 0 0 0 0 0 3 0 0 0 0 0 0 0 0 0 0 	# 16.782728 -0.000991 -0.028978 0.005008 0.140156 4.585120 -0.001544 0.002410 -46.044881 -45.194351 
9		1.660000	0	6	1.437028		0 0 4 2 1 2 3 4 2 0 3 0 3 0 1 2 2 6 1 3 2 3 0 1 2 4 4 1 0 4 1 1 1 0 2 2 3 0 2 2 2 2 0 2 0 1 2 6 0 2 3 0 2 0 1 0 3 2 1 0 1 1 0 1 1 1 1 3 0 1 0 1 3 1 0 3 3 5 2 0 3 1 2 2 2 0 2 2 0 1 6 2 0 3 2 1 3 1 0 2 	# -15.817045 0.004411 -0.313891 -0.147331 1.473810 -0.183351 -0.014294 -0.138985 -0.098138 -0.615754 
10		0.020000	0	2	0.200000		0 0 0 2 0 0 0 0 0 0 0 0 0 0 0 0 0 0 0 0 0 0 0 0 0 0 0 0 0 0 0 0 0 0 0 0 0 0 0 0 0 0 0 0 0 0 0 0 0 0 0 0 0 0 0 0 0 0 0 0 0 0 0 0 0 0 0 0 0 0 0 0 0 0 0 0 0 0 0 0 0 0 0 0 0 0 0 0 0 0 0 0 0 0 0 0 0 0 0 0 	# -2.559259 -0.007849 -0.036994 0.010226 0.148629 -0.302493 -0.006700 0.006210 2.738590 3.579338 
11		1.320000	0	6	1.254326		0 1 0 0 1 4 1 2 2 0 0 1 2 2 2 2 0 4 0 1 0 1 0 0 1 3 0 0 1 1 1 1 1 0 1 0 2 0 2 4 2 1 1 1 1 3 2 1 1 0 1 1 2 1 0 1 1 1 2 1 0 2 0 2 2 2 2 2 0 0 1 0 0 3 2 3 2 0 3 1 1 2 0 0 2 1 1 3 3 4 1 4 0 5 2 0 0 1 6 1 	# -15.044538 0.016926 -0.303324 -0.146543 1.452722 0.030497 -0.012303 -0.139368 -2.199440 -2.713795 
12		0.000000	0	0	0.000000		0 0 0 0 0 0 0 0 0 0 0 0 0 0 0 0 0 0 0 0 0 0 0 0 0 0 0 0 0 0 0 0 0 0 0 0 0 0 0 0 0 0 0 0 0 0 0 0 0 0 0 0 0 0 0 0 0 0 0 0 0 0 0 0 0 0 0 0 0 0 0 0 0 0 0 0 0 0 0 0 0 0 0 0 0 0 0 0 0 0 0 0 0 0 0 0 0 0 0 0 	# -8.832782 -0.006562 -0.036127 0.009699 0.147906 -1.862759 -0.005448 0.005940 18.348712 19.191128 
13		1.440000	0	6	1.416497		2 1 1 1 1 1 0 0 1 2 4 0 2 1 0 1 1 1 0 1 0 1 2 0 0 3 0 2 5 4 0 1 0 0 1 0 2 2 5 2 0 2 1 1 1 1 0 1 1 2 1 0 2 2 3 1 1 4 1 1 1 3 0 4 1 3 0 2 1 0 3 0 2 1 2 0 1 0 3 4 0 2 0 1 3 0 0 4 1 6 0 1 1 3 6 2 3 0 1 2 	# -15.957413 -0.004516 -0.297926 -0.140539 1.486310 -0.104637 -0.025587 -0.133939 -0.751377 -1.284941 
14		0.070000	0	4	0.455161		0 0 0 0 0 0 0 0 0 0 0 0 0 0 0 0 0 2 0 0 0 0 0 0 0 0 0 0 0 0 0 0 0 0 0 0 0 0 0 0 0 0 0 0 0 0 0 0 0 0 0 0 0 0 0 0 0 0 4 0 0 0 0 0 0 0 0 0 0 0 0 0 0 0 0 0 0 0 0 0 0 0 0 0 1 0 0 0 0 0 0 0 0 0 0 0 0 0 0 0 	# -4.441142 -0.004650 -0.035644 0.009294 0.148145 -0.750483 -0.004318 0.005637 7.234062 8.075222 
15		1.310000	0	5	1.195066		1 0 0 2 1 4 1 3 0 3 1 1 1 1 1 1 1 0 1 3 3 0 3 1 3 1 0 2 0 0 1 0 1 0 0 0 0 2 1 1 0 4 4 2 0 1 2 3 0 0 2 0 1 2 2 0 3 1 1 0 1 0 2 1 4 1 1 2 1 0 1 2 3 0 1 1 0 1 1 1 0 2 2 2 2 0 0 3 3 0 2 0 2 1 2 3 5 1 1 3 	# -15.986647 0.000309 -0.302395 -0.142417 1.481542 -0.137532 -0.022176 -0.135148 -0.458802 -0.989425 
16		0.060000	0	4	0.445403		0 0 0 0 0 0 0 0 0 0 0 0 0 0 0 0 0 0 0 0 0 0 0 0 2 0 0 0 0 0 0 0 0 0 0 0 0 0 0 0 0 0 0 0 0 0 0 0 0 0 0 0 0 0 0 0 0 4 0 0 0 0 0 0 0 0 0 0 0 0 0 0 0 0 0 0 0 0 0 0 0 0 0 0 0 0 0 0 0 0 0 0 0 0 0 0 0 0 0 0 	# -2.239409 -0.006292 -0.034909 0.009596 0.148351 -0.202225 -0.005634 0.005916 1.758539 2.599764 
17		1.360000	0	6	1.466942		2 3 1 2 6 1 1 0 2 4 1 0 1 1 4 0 4 0 0 3 3 1 2 0 1 1 1 1 0 3 0 5 1 2 3 0 0 0 1 2 0 2 0 1 1 0 3 2 1 0 0 2 0 1 0 4 0 0 2 4 0 2 1 2 0 3 0 2 2 0 0 6 2 1 1 0 0 2 0 0 4 0 0 1 1 1 1 1 1 5 0 0 1 2 3 0 3 2 0 0 	# -15.997817 -0.004518 -0.297854 -0.140485 1.486139 -0.114817 -0.025578 -0.133887 -0.648893 -1.182265 
18		0.130000	0	7	0.917341		0 0 7 0 0 0 0 0 0 6 0 0 0 0 0 0 0 0 0 0 0 0 0 0 0 0 0 0 0 0 0 0 0 0 0 0 0 0 0 0 0 0 0 0 0 0 0 0 0 0 0 0 0 0 0 0 0 0 0 0 0 0 0 0 0 0 0 0 0 0 0 0 0 0 0 0 0 0 0 0 0 0 0 0 0 0 0 0 0 0 0 0 0 0 0 0 0 0 0 0 	# -2.835417 -0.004650 -0.035643 0.009295 0.148142 -0.349059 -0.004318 0.005638 3.219824 4.060988 
19		1.170000	0	7	1.206506		3 2 2 1 1 3 2 1 0 1 1 2 3 1 1 0 1 0 3 2 1 2 1 1 0 3 0 0 2 0 2 0 0 2 0 1 0 0 2 0 1 0 1 0 2 0 1 0 0 7 1 3 1 1 1 1 2 4 0 2 3 0 3 1 2 0 2 0 1 2 1 0 0 0 2 1 1 0 3 2 2 1 0 0 0 3 0 3 1 1 1 1 3 0 0 0 1 0 1 0 	# -16.021570 0.000309 -0.302395 -0.142417 1.481542 -0.146263 -0.022176 -0.135148 -0.371494 -0.902116 
20		0.140000	0	4	0.619873		0 0 0 0 0 0 0 0 0 0 0 0 0 0 0 4 0 0 0 0 0 1 0 0 0 0 1 0 0 0 0 0 0 0 0 0 0 0 0 0 0 0 0 0 0 0 0 0 3 0 0 0 0 0 0 0 2 0 0 0 0 0 0 0 0 0 0 0 0 0 0 3 0 0 0 0 0 0 0 0 0 0 0 0 0 0 0 0 0 0 0 0 0 0 0 0 0 0 0 0 	# -5.312451 -0.006292 -0.034909 0.009596 0.148351 -0.970486 -0.005634 0.005916 9.441146 10.282370 
21		1.400000	0	7	1.651446		4 2 3 4 2 2 0 1 0 0 0 0 3 3 0 3 0 1 2 0 0 3 0 0 1 0 0 1 2 2 0 0 0 0 0 0 6 0 2 4 0 0 4 0 4 2 1 1 2 1 1 1 2 2 0 0 0 0 2 0 2 2 7 2 0 2 1 2 6 1 5 1 0 1 2 1 0 3 0 0 0 0 4 0 0 0 1 1 1 0 3 1 6 2 1 2 1 0 0 5 	# -15.970332 -0.004518 -0.297854 -0.140485 1.486139 -0.107945 -0.025578 -0.133887 -0.717605 -1.250977 
22		0.060000	0	4	0.422116		1 0 0 0 0 0 0 0 0 0 0 0 0 0 0 0 0 0 0 0 0 0 0 0 0 0 0 0 0 0 0 0 0 0 0 0 0 0 0 0 0 0 0 0 0 0 0 0 0 0 0 1 0 0 0 0 0 0 0 0 0 0 0 0 0 0 0 0 0 0 0 0 0 0 0 0 0 0 0 0 0 0 0 0 0 0 0 0 0 0 0 0 0 0 0 0 0 4 0 0 	# -3.910671 -0.004650 -0.035643 0.009295 0.148142 -0.617872 -0.004318 0.005638 5.907961 6.749125 
23		1.520000	0	6	1.459763		0 0 4 2 2 1 1 0 1 0 0 6 2 4 2 3 2 2 3 3 3 0 0 4 0 2 3 1 1 2 0 5 0 2 2 2 1 0 3 0 0 0 1 0 0 2 3 4 1 3 0 0 4 1 4 1 0 1 1 0 1 1 1 2 0 0 0 2 0 0 4 3 1 2 3 3 2 0 5 0 1 1 3 2 1 0 3 2 0 2 0 0 0 2 4 2 0 0 2 2 	# -16.374664 0.000309 -0.302395 -0.142417 1.481542 -0.234536 -0.022176 -0.135148 0.511241 -0.019382 
24		0.000000	0	0	0.000000		0 0 0 0 0 0 0 0 0 0 0 0 0 0 0 0 0 0 0 0 0 0 0 0 0 0 0 0 0 0 0 0 0 0 0 0 0 0 0 0 0 0 0 0 0 0 0 0 0 0 0 0 0 0 0 0 0 0 0 0 0 0 0 0 0 0 0 0 0 0 0 0 0 0 0 0 0 0 0 0 0 0 0 0 0 0 0 0 0 0 0 0 0 0 0 0 0 0 0 0 	# -5.394184 -0.006292 -0.034909 0.009596 0.148351 -0.990919 -0.005634 0.005916 9.645477 10.486702 
25		1.390000	0	7	1.355088		1 1 0 0 3 0 0 1 1 1 1 1 2 0 2 1 0 0 1 1 2 1 0 3 3 0 0 3 1 0 1 2 1 4 3 1 4 0 0 1 2 3 0 1 1 1 0 2 1 0 3 2 0 0 1 3 0 0 2 2 1 0 5 2 0 7 1 1 1 0 1 1 2 0 3 2 4 0 1 4 2 0 3 1 1 3 1 1 4 2 2 1 1 0 1 1 4 3 0 1 	# -15.990494 -0.004518 -0.297854 -0.140485 1.486139 -0.112986 -0.025578 -0.133887 -0.667199 -1.200571 
26		0.150000	0	5	0.770347		0 0 0 1 0 0 0 0 0 0 0 0 0 0 0 0 0 0 0 0 0 0 0 0 0 0 3 0 0 0 5 0 0 0 0 0 0 0 0 0 0 0 0 0 0 0 0 1 0 0 0 0 0 0 0 0 0 0 0 0 0 5 0 0 0 0 0 0 0 0 0 0 0 0 0 0 0 0 0 0 0 0 0 0 0 0 0 0 0 0 0 0 0 0 0 0 0 0 0 0 	# -3.910671 -0.004650 -0.035643 0.009295 0.148142 -0.617872 -0.004318 0.005638 5.907961 6.749125 
27		1.400000	0	5	1.333333		0 2 1 1 0 2 3 4 0 3 0 4 0 0 2 3 0 2 4 0 0 1 0 2 0 0 2 5 2 2 1 1 1 3 0 4 2 1 4 1 1 0 2 2 0 1 2 0 0 1 5 1 0 1 4 1 2 2 0 2 2 3 0 1 2 2 0 0 0 0 0 0 4 2 2 1 2 1 1 0 1 2 3 0 2 2 3 0 0 0 2 0 0 1 2 1 1 4 2 1 	# -16.374664 0.000309 -0.302395 -0.142417 1.481542 -0.234536 -0.022176 -0.135148 0.511241 -0.019382 
28		0.050000	0	2	0.297294		0 0 0 0 0 0 0 0 0 0 0 0 0 0 0 0 0 0 1 0 0 2 0 0 0 0 0 0 0 0 0 0 0 0 0 0 0 0 0 0 0 0 0 0 0 0 0 0 0 0 0 0 0 0 0 0 0 0 0 0 0 0 0 0 0 0 0 0 0 0 0 0 0 0 0 0 0 0 0 0 0 0 0 0 0 0 0 0 0 0 0 0 0 0 0 0 0 0 0 2 	# -5.394184 -0.006292 -0.034909 0.009596 0.148351 -0.990919 -0.005634 0.005916 9.645477 10.486702 
29		1.480000	0	8	1.573005		0 1 3 2 1 1 0 5 0 0 3 2 0 1 4 1 0 0 1 0 0 0 2 0 2 2 4 2 2 1 3 1 1 2 2 1 4 5 0 1 2 0 0 1 1 6 2 0 1 2 4 1 2 4 0 0 1 3 3 1 0 1 0 0 3 1 1 2 3 1 0 0 1 0 0 1 1 8 0 2 2 1 5 1 1 2 1 2 0 0 0 1 0 0 1 3 1 0 3 5 	# -15.990494 -0.004518 -0.297854 -0.140485 1.486139 -0.112986 -0.025578 -0.133887 -0.667199 -1.200571 
30		0.000000	0	0	0.000000		0 0 0 0 0 0 0 0 0 0 0 0 0 0 0 0 0 0 0 0 0 0 0 0 0 0 0 0 0 0 0 0 0 0 0 0 0 0 0 0 0 0 0 0 0 0 0 0 0 0 0 0 0 0 0 0 0 0 0 0 0 0 0 0 0 0 0 0 0 0 0 0 0 0 0 0 0 0 0 0 0 0 0 0 0 0 0 0 0 0 0 0 0 0 0 0 0 0 0 0 	# -3.910671 -0.004650 -0.035643 0.009295 0.148142 -0.617872 -0.004318 0.005638 5.907961 6.749125 
31		1.210000	0	6	1.265669		0 3 2 1 0 2 1 2 1 0 1 2 1 2 1 4 0 1 0 3 1 0 1 1 0 4 4 3 1 0 2 1 3 0 2 1 1 1 4 1 0 0 1 3 1 0 0 1 1 1 1 0 5 0 1 1 1 0 0 2 0 2 1 0 0 2 1 1 3 1 0 1 6 0 4 1 1 1 0 0 3 0 0 2 1 0 1 0 1 1 0 0 1 3 0 2 2 0 1 1 	# -16.374664 0.000309 -0.302395 -0.142417 1.481542 -0.234536 -0.022176 -0.135148 0.511241 -0.019382 
32		0.180000	0	13	1.343747		0 0 0 0 0 0 0 0 0 0 0 0 0 0 0 0 0 0 0 0 0 0 0 0 0 0 0 0 0 0 0 0 0 0 0 0 0 0 0 0 0 0 0 0 0 0 0 0 0 0 0 0 0 0 0 0 0 0 13 0 0 0 0 0 0 3 0 0 0 0 0 0 0 0 0 0 0 0 0 0 2 0 0 0 0 0 0 0 0 0 0 0 0 0 0 0 0 0 0 0 	# -5.394184 -0.006292 -0.034909 0.009596 0.148351 -0.990919 -0.005634 0.005916 9.645477 10.486702 
33		1.130000	0	5	1.186243		1 1 1 2 0 2 2 0 0 2 0 0 0 0 0 2 1 2 0 0 4 1 1 3 5 1 1 3 1 5 0 1 0 1 0 0 0 0 3 1 1 1 2 3 0 3 1 0 0 2 0 3 0 1 2 0 0 3 3 0 1 0 3 1 2 0 1 2 1 1 1 0 1 3 0 0 1 0 1 1 3 0 1 1 1 1 3 0 1 3 0 0 0 0 1 1 1 1 1 2 	# -15.990494 -0.004518 -0.297854 -0.140485 1.486139 -0.112986 -0.025578 -0.133887 -0.667199 -1.200571 
34		0.010000	0	1	0.100000		0 0 0 0 0 0 0 0 0 0 0 0 0 0 0 0 0 0 0 0 0 0 0 0 0 0 0 0 0 0 0 0 0 0 0 0 0 0 0 0 0 0 0 0 0 0 0 0 0 0 0 0 0 0 0 0 0 0 0 0 0 0 1 0 0 0 0 0 0 0 0 0 0 0 0 0 0 0 0 0 0 0 0 0 0 0 0 0 0 0 0 0 0 0 0 0 0 0 0 0 	# -3.910671 -0.004650 -0.035643 0.009295 0.148142 -0.617872 -0.004318 0.005638 5.907961 6.749125 
35		1.360000	0	10	1.439136		3 1 2 1 0 1 0 2 1 0 2 4 2 2 0 2 1 2 2 1 1 2 1 0 2 0 1 0 3 0 1 0 1 2 4 1 1 0 1 3 0 2 1 2 0 2 1 0 0 4 0 1 10 0 0 0 1 1 0 0 0 1 3 2 2 3 1 1 1 0 0 0 0 1 1 1 3 2 0 0 2 0 1 3 2 1 1 2 1 2 2 0 0 5 2 3 1 2 3 3 	# -16.374664 0.000309 -0.302395 -0.142417 1.481542 -0.234536 -0.022176 -0.135148 0.511241 -0.019382 
36		0.040000	0	3	0.315268		0 0 0 0 0 0 0 0 0 0 0 0 0 0 0 0 0 0 0 0 0 0 1 0 0 0 0 0 0 0 0 0 0 0 0 0 0 0 0 0 0 0 0 0 3 0 0 0 0 0 0 0 0 0 0 0 0 0 0 0 0 0 0 0 0 0 0 0 0 0 0 0 0 0 0 0 0 0 0 0 0 0 0 0 0 0 0 0 0 0 0 0 0 0 0 0 0 0 0 0 	# -5.394184 -0.006292 -0.034909 0.009596 0.148351 -0.990919 -0.005634 0.005916 9.645477 10.486702 
37		1.310000	0	10	1.555018		0 2 3 0 1 0 2 1 0 0 3 0 0 1 0 0 1 3 1 1 3 0 0 2 0 1 0 0 1 1 2 1 3 1 1 0 0 2 1 0 2 0 2 2 0 2 1 0 0 1 1 0 0 2 1 2 0 2 0 1 1 2 2 3 0 1 4 2 0 3 2 2 1 8 1 2 1 0 4 0 0 10 1 1 2 1 0 3 1 1 1 2 0 1 0 2 2 3 4 0 	# -15.990494 -0.004518 -0.297854 -0.140485 1.486139 -0.112986 -0.025578 -0.133887 -0.667199 -1.200571 
38		0.030000	0	3	0.300000		0 0 0 0 0 0 0 0 0 0 0 0 0 0 0 0 0 0 0 0 0 0 3 0 0 0 0 0 0 0 0 0 0 0 0 0 0 0 0 0 0 0 0 0 0 0 0 0 0 0 0 0 0 0 0 0 0 0 0 0 0 0 0 0 0 0 0 0 0 0 0 0 0 0 0 0 0 0 0 0 0 0 0 0 0 0 0 0 0 0 0 0 0 0 0 0 0 0 0 0 	# -3.910671 -0.004650 -0.035643 0.009295 0.148142 -0.617872 -0.004318 0.005638 5.907961 6.749125 
39		1.240000	0	7	1.415070		0 2 1 1 1 0 0 0 0 0 0 1 0 2 0 7 2 0 2 1 1 1 0 2 2 1 2 0 0 1 0 0 1 0 1 5 1 3 0 0 1 1 0 1 0 2 2 1 0 0 2 0 1 1 2 0 1 4 0 2 4 0 1 2 0 2 3 0 1 5 0 3 3 6 1 1 1 3 1 1 0 0 2 1 1 2 1 1 1 0 0 3 1 0 1 2 2 5 1 0 	# -16.374664 0.000309 -0.302395 -0.142417 1.481542 -0.234536 -0.022176 -0.135148 0.511241 -0.019382 
40		0.000000	0	0	0.000000		0 0 0 0 0 0 0 0 0 0 0 0 0 0 0 0 0 0 0 0 0 0 0 0 0 0 0 0 0 0 0 0 0 0 0 0 0 0 0 0 0 0 0 0 0 0 0 0 0 0 0 0 0 0 0 0 0 0 0 0 0 0 0 0 0 0 0 0 0 0 0 0 0 0 0 0 0 0 0 0 0 0 0 0 0 0 0 0 0 0 0 0 0 0 0 0 0 0 0 0 	# -5.394184 -0.006292 -0.034909 0.009596 0.148351 -0.990919 -0.005634 0.005916 9.645477 10.486702 
41		1.500000	0	5	1.184922		1 2 0 1 0 2 1 3 3 0 2 0 0 1 1 1 2 3 2 1 2 1 3 0 1 2 2 2 1 1 0 0 2 3 1 1 2 2 2 1 1 0 1 3 1 1 1 1 2 0 1 3 4 1 4 2 1 3 1 1 1 3 0 1 2 2 1 3 4 0 0 1 1 1 0 0 1 3 3 1 0 1 1 5 0 1 1 1 3 2 5 0 1 0 1 2 3 2 2 4 	# -15.990494 -0.004518 -0.297854 -0.140485 1.486139 -0.112986 -0.025578 -0.133887 -0.667199 -1.200571 
42		0.090000	0	4	0.514340		0 3 0 0 0 0 0 0 0 0 0 0 0 0 0 0 0 0 0 0 0 0 0 0 0 0 0 0 0 0 0 0 0 0 0 1 0 1 0 0 0 0 0 0 0 0 0 0 0 0 0 0 0 0 0 0 0 0 0 0 0 0 0 0 0 0 0 0 0 0 0 0 0 0 0 0 0 0 0 0 0 0 0 0 0 0 0 0 0 0 0 0 0 4 0 0 0 0 0 0 	# -3.910671 -0.004650 -0.035643 0.009295 0.148142 -0.617872 -0.004318 0.005638 5.907961 6.749125 
43		1.040000	0	5	1.347800		0 0 3 3 1 1 1 0 1 0 1 3 1 1 1 1 0 0 0 0 0 1 0 3 0 3 1 4 0 0 3 0 2 1 0 0 0 0 5 1 0 0 2 1 0 2 1 2 5 1 0 0 0 0 0 3 0 1 5 1 0 0 0 1 2 0 0 0 2 1 0 2 0 1 0 1 0 2 0 1 1 0 0 1 3 0 2 3 0 0 0 0 2 1 5 0 0 4 0 3 	# -16.374664 0.000309 -0.302395 -0.142417 1.481542 -0.234536 -0.022176 -0.135148 0.511241 -0.019382 
44		0.040000	0	3	0.315268		0 0 0 0 0 0 0 0 0 0 0 0 0 0 0 0 0 0 0 0 0 0 0 0 0 0 0 0 0 0 0 0 1 0 0 0 0 0 0 0 0 0 0 0 0 0 0 0 0 0 0 0 0 0 0 0 0 3 0 0 0 0 0 0 0 0 0 0 0 0 0 0 0 0 0 0 0 0 0 0 0 0 0 0 0 0 0 0 0 0 0 0 0 0 0 0 0 0 0 0 	# -5.394184 -0.006292 -0.034909 0.009596 0.148351 -0.990919 -0.005634 0.005916 9.645477 10.486702 
45		1.490000	0	6	1.396207		3 1 2 0 1 0 2 1 0 2 3 0 3 0 3 0 2 0 1 0 3 1 3 5 0 1 3 1 1 3 1 2 2 0 1 2 1 3 0 4 0 4 1 1 3 0 6 2 5 2 2 1 0 0 0 0 2 2 4 0 2 3 0 4 0 0 1 2 2 2 3 2 1 2 0 0 0 4 0 1 0 1 2 1 2 1 2 0 3 1 0 0 0 1 2 2 3 3 0 0 	# -15.990494 -0.004518 -0.297854 -0.140485 1.486139 -0.112986 -0.025578 -0.133887 -0.667199 -1.200571 
46		0.030000	0	1	0.171447		0 0 0 0 0 0 0 0 1 0 0 1 0 0 0 0 0 0 0 0 0 0 0 0 0 0 0 0 0 0 0 0 0 0 0 0 0 0 0 0 0 0 0 0 0 0 0 0 0 0 0 0 0 0 0 0 0 0 0 0 0 0 0 0 0 0 0 0 0 0 0 0 0 0 0 0 0 0 0 0 0 0 0 0 0 0 0 0 0 0 0 0 0 1 0 0 0 0 0 0 	# -3.910671 -0.004650 -0.035643 0.009295 0.148142 -0.617872 -0.004318 0.005638 5.907961 6.749125 
47		1.280000	0	7	1.348999		2 2 3 0 1 0 1 3 3 0 0 1 1 2 0 1 0 0 2 2 1 2 1 0 1 0 1 1 0 3 5 4 3 2 1 7 0 1 1 2 0 2 2 2 1 4 0 2 2 0 1 3 2 1 0 1 3 0 0 2 2 0 2 0 1 0 0 0 1 0 2 1 0 0 3 4 0 1 0 2 2 0 1 1 0 0 1 3 2 1 0 0 0 1 1 5 2 1 0 0 	# -16.374664 0.000309 -0.302395 -0.142417 1.481542 -0.234536 -0.022176 -0.135148 0.511241 -0.019382 
48		0.050000	0	3	0.329524		0 0 0 0 0 0 0 0 0 0 0 0 0 0 0 0 0 0 1 0 0 0 0 0 0 0 0 0 0 0 0 0 0 0 0 0 0 0 0 0 0 0 0 0 0 0 0 0 0 0 0 0 0 0 0 0 0 1 0 0 0 0 0 0 0 0 0 0 0 0 0 0 3 0 0 0 0 0 0 0 0 0 0 0 0 0 0 0 0 0 0 0 0 0 0 0 0 0 0 0 	# -5.394184 -0.006292 -0.034909 0.009596 0.148351 -0.990919 -0.005634 0.005916 9.645477 10.486702 
49		1.340000	0	6	1.288802		0 0 1 1 3 6 0 2 0 2 1 2 1 1 0 2 1 2 2 3 4 2 1 1 0 3 4 0 1 0 1 2 1 2 0 0 0 1 0 0 1 2 1 1 1 2 4 5 1 1 3 0 0 1 0 0 1 1 3 1 2 1 0 1 1 0 1 1 4 0 0 2 3 1 2 1 1 1 1 2 2 1 4 0 1 4 0 1 2 0 1 1 0 1 4 0 3 1 0 1 	# -15.990494 -0.004518 -0.297854 -0.140485 1.486139 -0.112986 -0.025578 -0.133887 -0.667199 -1.200571 
50		0.180000	0	7	0.978352		0 0 3 0 0 0 0 0 0 0 0 0 0 0 0 0 0 0 0 0 0 0 0 0 0 0 0 0 0 0 0 0 0 0 0 0 0 0 0 0 0 0 0 0 0 0 0 0 0 0 0 0 0 0 0 0 0 0 0 0 0 0 0 0 0 0 0 0 0 0 0 0 0 0 0 0 0 0 6 0 0 0 0 0 0 2 7 0 0 0 0 0 0 0 0 0 0 0 0 0 	# -3.910671 -0.004650 -0.035643 0.009295 0.148142 -0.617872 -0.004318 0.005638 5.907961 6.749125 
51		1.130000	0	6	1.177697		1 2 2 1 1 1 3 1 3 3 2 1 5 2 3 1 1 0 1 0 0 1 2 0 0 1 1 0 1 2 1 1 0 2 1 3 3 0 0 0 1 2 4 1 0 0 0 3 0 0 1 0 0 2 1 2 0 1 1 0 0 2 2 2 3 0 1 1 1 1 2 0 1 1 1 0 2 2 0 0 0 0 0 0 1 1 1 0 1 1 0 0 3 2 2 0 1 6 0 0 	# -16.374664 0.000309 -0.302395 -0.142417 1.481542 -0.234536 -0.022176 -0.135148 0.511241 -0.019382 
52		0.040000	0	2	0.281411		0 0 0 0 0 0 0 0 0 0 0 0 0 0 0 0 0 0 0 0 0 0 0 0 0 0 0 0 0 0 0 0 0 0 0 0 0 0 0 0 0 0 0 0 0 0 0 0 0 0 0 0 0 0 0 0 0 0 0 0 0 0 0 0 2 0 0 0 0 0 0 0 0 0 0 0 0 0 0 0 0 0 0 0 0 0 0 0 0 0 0 0 0 0 0 0 0 0 0 2 	# -5.394184 -0.006292 -0.034909 0.009596 0.148351 -0.990919 -0.005634 0.005916 9.645477 10.486702 
53		1.310000	0	5	1.292519		0 0 0 0 1 1 4 1 3 1 2 2 3 1 1 1 1 1 1 5 3 2 3 0 1 0 1 0 1 2 0 2 1 5 3 0 1 0 1 1 5 1 2 0 1 1 1 0 0 0 0 1 1 2 1 0 0 0 3 2 0 3 2 5 3 3 2 1 0 1 0 2 4 2 0 1 0 2 0 1 1 1 3 0 0 1 0 2 0 0 0 1 1 2 1 1 3 1 1 3 	# -15.990494 -0.004518 -0.297854 -0.140485 1.486139 -0.112986 -0.025578 -0.133887 -0.667199 -1.200571 
54		0.010000	0	1	0.100000		0 0 0 0 0 0 0 0 0 0 0 0 0 0 0 0 0 0 0 0 0 0 0 0 0 0 0 0 0 0 0 0 0 0 0 0 1 0 0 0 0 0 0 0 0 0 0 0 0 0 0 0 0 0 0 0 0 0 0 0 0 0 0 0 0 0 0 0 0 0 0 0 0 0 0 0 0 0 0 0 0 0 0 0 0 0 0 0 0 0 0 0 0 0 0 0 0 0 0 0 	# -3.910671 -0.004650 -0.035643 0.009295 0.148142 -0.617872 -0.004318 0.005638 5.907961 6.749125 
55		1.230000	0	6	1.339795		2 2 2 0 2 0 3 0 1 0 0 1 2 1 6 0 1 4 0 0 2 2 2 1 0 0 0 0 1 1 1 0 1 0 1 1 3 2 4 1 3 0 0 0 0 1 2 0 1 1 0 0 2 1 0 5 2 1 1 6 0 0 0 1 3 3 3 0 1 0 0 2 4 1 1 0 1 1 1 2 0 0 0 0 1 0 3 2 0 1 3 2 0 2 1 1 1 3 1 2 	# -16.374664 0.000309 -0.302395 -0.142417 1.481542 -0.234536 -0.022176 -0.135148 0.511241 -0.019382 
56		0.050000	0	2	0.261116		1 0 0 0 0 0 0 0 0 0 0 0 0 0 0 0 0 0 0 0 0 0 0 0 0 0 0 0 0 0 0 0 0 0 0 0 0 0 0 0 0 0 0 0 0 0 0 0 0 0 0 0 0 2 0 0 0 0 0 0 0 0 0 0 0 0 0 0 0 0 0 0 0 0 0 0 0 0 0 1 0 0 0 0 0 0 0 0 0 0 0 0 0 0 0 0 0 0 1 0 	# -5.394184 -0.006292 -0.034909 0.009596 0.148351 -0.990919 -0.005634 0.005916 9.645477 10.486702 
57		1.150000	0	5	1.305582		1 0 5 1 2 1 0 1 2 0 0 4 1 3 1 1 1 1 2 1 0 0 1 4 0 0 1 0 0 1 4 1 1 0 0 1 0 0 0 0 0 0 0 2 0 5 0 2 1 0 0 1 0 0 2 0 0 1 2 0 2 1 1 3 1 2 1 4 4 1 2 0 2 2 1 2 0 1 0 0 1 1 1 5 0 1 1 2 1 0 0 2 0 1 1 5 2 0 1 2 	# -15.990494 -0.004518 -0.297854 -0.140485 1.486139 -0.112986 -0.025578 -0.133887 -0.667199 -1.200571 
58		0.030000	0	2	0.222702		0 0 0 0 0 0 0 0 0 0 0 0 0 0 0 0 0 0 0 0 0 0 0 0 0 0 0 0 0 0 0 0 2 0 0 0 0 0 0 0 0 0 0 0 0 0 0 0 0 0 0 0 0 0 0 0 0 0 0 0 0 0 0 0 0 0 0 0 0 0 0 0 0 0 0 0 0 0 0 0 0 0 1 0 0 0 0 0 0 0 0 0 0 0 0 0 0 0 0 0 	# -3.910671 -0.004650 -0.035643 0.009295 0.148142 -0.617872 -0.004318 0.005638 5.907961 6.749125 
59		1.230000	0	10	1.509933		0 1 3 1 1 1 1 1 0 2 0 0 0 0 1 0 0 0 5 2 0 1 1 1 0 0 2 0 0 1 1 10 0 1 0 1 1 4 0 0 0 0 0 1 0 0 1 0 1 4 2 2 0 1 5 2 1 3 1 0 1 1 0 2 3 4 2 2 2 1 2 3 1 4 2 1 2 1 3 1 0 2 3 3 1 0 2 0 2 1 2 0 0 0 0 1 0 1 0 0 	# -16.374664 0.000309 -0.302395 -0.142417 1.481542 -0.234536 -0.022176 -0.135148 0.511241 -0.019382 
60		0.110000	0	4	0.584220		0 0 0 0 0 0 0 0 3 0 0 0 0 0 0 0 0 0 0 0 0 0 0 0 0 0 0 0 0 0 0 0 3 0 0 0 0 0 0 0 0 0 0 0 0 0 0 0 0 1 0 0 0 4 0 0 0 0 0 0 0 0 0 0 0 0 0 0 0 0 0 0 0 0 0 0 0 0 0 0 0 0 0 0 0 0 0 0 0 0 0 0 0 0 0 0 0 0 0 0 	# -5.394184 -0.006292 -0.034909 0.009596 0.148351 -0.990919 -0.005634 0.005916 9.645477 10.486702 
61		1.030000	0	6	1.132219		2 2 1 0 1 2 2 3 0 2 0 2 2 0 0 0 1 2 1 1 2 2 1 2 0 0 0 4 1 1 0 1 1 2 0 0 2 5 0 6 0 1 1 1 2 1 0 1 0 1 2 0 0 1 1 0 0 0 1 0 1 2 0 0 0 0 1 0 0 2 2 1 1 4 1 3 2 0 1 0 1 1 0 1 1 1 0 0 1 0 2 0 1 1 0 2 2 0 0 1 	# -15.990494 -0.004518 -0.297854 -0.140485 1.486139 -0.112986 -0.025578 -0.133887 -0.667199 -1.200571 
62		0.000000	0	0	0.000000		0 0 0 0 0 0 0 0 0 0 0 0 0 0 0 0 0 0 0 0 0 0 0 0 0 0 0 0 0 0 0 0 0 0 0 0 0 0 0 0 0 0 0 0 0 0 0 0 0 0 0 0 0 0 0 0 0 0 0 0 0 0 0 0 0 0 0 0 0 0 0 0 0 0 0 0 0 0 0 0 0 0 0 0 0 0 0 0 0 0 0 0 0 0 0 0 0 0 0 0 	# -3.910671 -0.004650 -0.035643 0.009295 0.148142 -0.617872 -0.004318 0.005638 5.907961 6.749125 
63		1.340000	0	6	1.457963		2 2 2 0 0 2 2 2 0 5 3 0 2 1 3 0 0 5 0 0 1 2 2 1 0 0 0 0 0 1 1 1 6 0 1 0 4 4 1 2 3 0 1 3 1 1 1 2 0 2 0 2 2 0 0 1 5 1 2 3 6 0 1 1 1 0 1 0 5 0 1 3 2 1 0 0 1 0 1 2 2 0 3 0 0 2 0 2 2 0 0 1 3 1 1 1 0 0 0 2 	# -16.374664 0.000309 -0.302395 -0.142417 1.481542 -0.234536 -0.022176 -0.135148 0.511241 -0.019382 
64		0.020000	0	2	0.200000		2 0 0 0 0 0 0 0 0 0 0 0 0 0 0 0 0 0 0 0 0 0 0 0 0 0 0 0 0 0 0 0 0 0 0 0 0 0 0 0 0 0 0 0 0 0 0 0 0 0 0 0 0 0 0 0 0 0 0 0 0 0 0 0 0 0 0 0 0 0 0 0 0 0 0 0 0 0 0 0 0 0 0 0 0 0 0 0 0 0 0 0 0 0 0 0 0 0 0 0 	# -5.394184 -0.006292 -0.034909 0.009596 0.148351 -0.990919 -0.005634 0.005916 9.645477 10.486702 
65		1.270000	0	7	1.354789		1 1 1 0 3 0 1 1 1 1 0 0 0 1 1 0 4 2 0 3 1 2 0 2 1 1 0 0 1 0 3 3 1 2 5 2 0 3 0 1 0 2 1 1 0 2 0 2 1 0 7 1 0 2 1 0 1 3 0 1 0 4 2 2 1 2 5 1 0 2 1 0 1 2 0 1 1 0 1 0 3 0 4 0 0 1 0 1 3 0 4 1 2 2 1 0 1 1 0 3 	# -15.990494 -0.004518 -0.297854 -0.140485 1.486139 -0.112986 -0.025578 -0.133887 -0.667199 -1.200571 
66		0.050000	0	3	0.329524		0 0 0 0 0 0 0 0 0 0 0 0 0 0 0 0 0 0 0 0 0 0 0 1 0 0 0 0 0 0 0 0 0 0 0 0 0 0 0 0 0 0 0 0 0 0 0 0 0 0 0 0 0 0 0 0 0 0 0 0 0 0 0 0 0 0 0 0 0 0 0 0 0 0 0 0 0 0 0 0 0 0 0 1 0 0 0 0 0 0 0 0 0 3 0 0 0 0 0 0 	# -3.910671 -0.004650 -0.035643 0.009295 0.148142 -0.617872 -0.004318 0.005638 5.907961 6.749125 
67		1.190000	0	5	1.169434		2 0 1 2 1 0 1 1 0 0 0 0 2 1 3 1 0 1 1 0 0 0 1 0 0 0 1 1 0 5 0 0 0 0 5 2 3 2 1 1 2 1 0 2 1 1 0 0 3 0 3 2 0 2 0 0 2 2 2 3 1 1 0 0 1 0 2 2 0 2 1 0 0 3 3 2 1 3 3 0 3 1 2 1 1 2 0 0 1 1 3 0 3 2 2 2 1 0 2 2 	# -16.374664 0.000309 -0.302395 -0.142417 1.481542 -0.234536 -0.022176 -0.135148 0.511241 -0.019382 
68		0.040000	0	2	0.281411		0 0 0 0 0 2 0 0 0 0 0 0 0 0 0 0 0 0 0 0 0 0 0 0 0 0 0 0 0 0 0 0 0 0 0 0 0 0 0 0 0 0 0 0 0 0 0 0 0 0 0 0 0 0 0 0 0 0 0 0 0 0 0 0 0 0 0 0 0 0 0 0 2 0 0 0 0 0 0 0 0 0 0 0 0 0 0 0 0 0 0 0 0 0 0 0 0 0 0 0 	# -5.394184 -0.006292 -0.034909 0.009596 0.148351 -0.990919 -0.005634 0.005916 9.645477 10.486702 
69		1.290000	0	6	1.365484		4 2 0 0 5 2 2 0 1 2 1 2 0 1 0 2 1 3 0 1 0 0 2 1 0 5 0 2 0 0 3 1 1 1 1 1 1 4 1 1 0 1 0 3 6 1 0 1 1 0 1 4 2 0 1 1 1 4 1 1 1 0 6 2 3 2 2 1 2 1 2 1 1 1 3 0 1 0 0 0 2 1 1 3 0 0 0 0 2 2 0 0 0 2 0 1 2 0 0 1 	# -15.990494 -0.004518 -0.297854 -0.140485 1.486139 -0.112986 -0.025578 -0.133887 -0.667199 -1.200571 
70		0.030000	0	3	0.300000		0 0 0 0 0 0 0 0 0 0 0 0 0 0 0 0 0 0 0 0 0 0 0 0 0 0 0 0 0 0 0 0 0 0 0 0 0 0 0 0 0 0 0 0 0 0 0 0 0 0 0 0 0 0 0 0 0 0 0 0 0 0 0 0 0 0 0 0 0 0 0 0 0 0 0 0 0 0 0 0 0 0 0 0 0 3 0 0 0 0 0 0 0 0 0 0 0 0 0 0 	# -3.910671 -0.004650 -0.035643 0.009295 0.148142 -0.617872 -0.004318 0.005638 5.907961 6.749125 
71		1.150000	0	5	1.048086		0 2 1 1 0 0 1 2 0 1 2 1 0 1 0 1 2 2 1 0 0 0 3 2 2 0 1 1 2 2 2 1 1 3 0 1 2 3 1 1 1 5 3 0 0 1 0 1 2 0 1 3 0 2 0 2 1 2 1 0 3 0 0 2 1 2 1 0 2 0 0 0 2 0 0 1 2 0 1 1 2 2 0 3 2 2 0 1 1 2 1 3 0 3 1 0 0 1 0 2 	# -16.374664 0.000309 -0.302395 -0.142417 1.481542 -0.234536 -0.022176 -0.135148 0.511241 -0.019382 
72		0.050000	0	3	0.358870		0 0 0 0 0 0 0 0 0 0 0 0 0 0 0 0 0 0 0 2 0 0 0 0 0 0 0 0 0 0 0 0 0 0 0 0 0 0 0 0 0 0 0 0 0 0 0 0 0 0 0 0 0 0 0 0 0 0 0 0 0 0 0 0 0 0 0 0 0 3 0 0 0 0 0 0 0 0 0 0 0 0 0 0 0 0 0 0 0 0 0 0 0 0 0 0 0 0 0 0 	# -5.394184 -0.006292 -0.034909 0.009596 0.148351 -0.990919 -0.005634 0.005916 9.645477 10.486702 
73		1.430000	0	6	1.350309		1 0 3 1 0 5 0 1 1 0 2 2 0 1 4 2 0 3 2 0 0 3 1 1 1 1 4 2 0 1 1 4 1 0 1 3 5 4 0 1 0 0 1 2 1 2 2 1 3 1 2 2 2 1 2 1 0 0 4 0 2 0 0 2 2 2 1 1 1 0 1 1 2 2 0 1 1 1 2 4 0 0 1 3 2 2 4 1 1 0 2 3 0 0 6 0 0 0 1 2 	# -15.990494 -0.004518 -0.297854 -0.140485 1.486139 -0.112986 -0.025578 -0.133887 -0.667199 -1.200571 
74		0.020000	0	2	0.200000		0 0 0 0 0 0 0 0 0 0 2 0 0 0 0 0 0 0 0 0 0 0 0 0 0 0 0 0 0 0 0 0 0 0 0 0 0 0 0 0 0 0 0 0 0 0 0 0 0 0 0 0 0 0 0 0 0 0 0 0 0 0 0 0 0 0 0 0 0 0 0 0 0 0 0 0 0 0 0 0 0 0 0 0 0 0 0 0 0 0 0 0 0 0 0 0 0 0 0 0 	# -3.910671 -0.004650 -0.035643 0.009295 0.148142 -0.617872 -0.004318 0.005638 5.907961 6.749125 
75		1.330000	0	5	1.271720		3 2 4 2 2 0 2 0 0 0 2 1 1 0 1 0 3 0 1 0 2 0 1 0 2 2 2 1 0 0 4 1 0 0 0 2 2 1 3 1 1 2 0 4 2 2 1 3 0 2 0 1 0 1 1 1 0 3 0 2 1 0 0 1 2 0 2 0 1 0 0 3 0 1 1 2 1 1 4 2 1 0 0 3 3 1 2 0 0 0 4 5 3 1 4 1 1 2 2 4 	# -16.374664 0.000309 -0.302395 -0.142417 1.481542 -0.234536 -0.022176 -0.135148 0.511241 -0.019382 
76		0.050000	0	4	0.411329		0 0 0 0 0 0 0 0 0 0 0 0 0 0 0 0 0 0 0 0 0 0 0 0 4 0 0 0 0 0 0 0 0 1 0 0 0 0 0 0 0 0 0 0 0 0 0 0 0 0 0 0 0 0 0 0 0 0 0 0 0 0 0 0 0 0 0 0 0 0 0 0 0 0 0 0 0 0 0 0 0 0 0 0 0 0 0 0 0 0 0 0 0 0 0 0 0 0 0 0 	# -5.394184 -0.006292 -0.034909 0.009596 0.148351 -0.990919 -0.005634 0.005916 9.645477 10.486702 
77		1.430000	0	6	1.296888		2 2 2 2 0 3 0 0 1 0 1 0 2 1 3 1 4 0 0 1 1 0 1 4 0 3 0 2 0 1 0 0 1 1 2 1 2 2 2 3 0 2 1 1 4 2 3 0 0 1 0 1 1 2 1 0 4 2 2 1 2 1 1 2 0 2 3 2 0 3 0 1 4 2 4 2 0 6 4 1 4 2 0 0 0 1 3 0 1 3 2 1 1 0 1 1 2 0 1 1 	# -15.990494 -0.004518 -0.297854 -0.140485 1.486139 -0.112986 -0.025578 -0.133887 -0.667199 -1.200571 
78		0.050000	0	3	0.358870		0 0 0 0 0 0 0 0 0 0 0 0 0 0 0 0 0 0 0 0 0 0 0 0 0 0 0 0 0 0 0 0 0 0 0 0 0 0 0 0 0 0 0 0 0 0 0 0 0 0 0 0 0 0 0 0 0 0 0 0 0 0 0 0 0 0 0 0 0 0 0 0 0 0 0 0 0 0 0 0 0 0 0 0 0 2 0 0 0 0 0 0 0 0 0 0 0 0 0 3 	# -3.910671 -0.004650 -0.035643 0.009295 0.148142 -0.617872 -0.004318 0.005638 5.907961 6.749125 
79		1.120000	0	5	1.200000		4 1 2 0 3 0 0 0 1 2 5 1 1 1 0 0 0 0 3 2 2 1 0 0 0 1 1 0 3 0 1 0 1 2 2 1 0 3 1 0 5 0 2 1 0 1 1 1 1 2 1 1 0 1 4 1 0 1 2 2 0 2 2 2 1 0 0 1 0 0 1 0 1 0 0 0 0 1 2 0 2 3 0 1 3 0 1 0 0 1 1 0 2 4 2 0 0 3 2 2 	# -16.374664 0.000309 -0.302395 -0.142417 1.481542 -0.234536 -0.022176 -0.135148 0.511241 -0.019382 
80		0.020000	0	1	0.140705		0 1 0 0 0 0 0 0 0 0 0 0 0 0 0 0 0 0 0 0 0 0 0 0 0 0 0 0 0 0 0 0 0 0 0 0 0 0 0 0 0 0 0 0 0 0 0 0 0 0 0 0 0 0 0 0 0 0 0 0 0 0 0 0 0 0 0 0 0 0 0 0 0 0 0 0 0 0 0 0 0 0 0 0 0 0 0 0 0 1 0 0 0 0 0 0 0 0 0 0 	# -5.394184 -0.006292 -0.034909 0.009596 0.148351 -0.990919 -0.005634 0.005916 9.645477 10.486702 
81		1.230000	0	7	1.354789		0 0 2 0 0 1 0 0 1 1 1 0 1 0 2 1 2 1 0 0 1 1 2 1 3 1 1 0 0 0 0 2 0 1 0 2 3 1 4 1 2 1 0 2 2 0 1 1 1 1 5 2 0 3 1 0 0 6 0 2 1 7 2 0 3 3 2 0 2 3 0 0 0 0 0 2 1 1 0 1 0 1 1 4 3 1 0 0 1 0 1 1 0 3 2 2 3 3 1 1 	# -15.990494 -0.004518 -0.297854 -0.140485 1.486139 -0.112986 -0.025578 -0.133887 -0.667199 -1.200571 
82		0.030000	0	1	0.171447		0 0 0 0 0 0 0 0 0 0 0 0 0 0 0 0 0 0 0 0 0 0 0 0 0 0 0 0 1 0 0 0 0 0 0 0 0 0 0 0 0 0 0 0 0 0 0 0 0 0 0 0 0 0 0 0 0 0 0 0 1 0 0 0 0 0 0 0 0 0 0 0 0 0 0 0 0 0 0 0 0 0 0 0 0 0 0 1 0 0 0 0 0 0 0 0 0 0 0 0 	# -3.910671 -0.004650 -0.035643 0.009295 0.148142 -0.617872 -0.004318 0.005638 5.907961 6.749125 
83		1.230000	0	5	1.135782		2 1 0 1 4 1 2 0 0 3 0 1 2 1 2 1 1 1 0 1 1 2 1 1 1 4 2 0 1 2 2 0 1 2 0 1 0 1 2 1 2 1 0 0 1 1 2 1 0 3 5 0 1 0 1 3 1 0 3 1 2 0 3 0 1 2 4 0 0 0 0 3 1 2 3 0 2 1 3 1 1 2 1 1 1 2 1 0 0 1 0 1 0 2 0 1 2 0 0 4 	# -16.374664 0.000309 -0.302395 -0.142417 1.481542 -0.234536 -0.022176 -0.135148 0.511241 -0.019382 
84		0.040000	0	1	0.196946		0 0 0 0 0 0 0 0 0 0 0 0 0 0 0 0 0 0 0 0 0 0 0 0 1 0 0 0 0 0 0 1 0 0 0 0 0 0 0 0 0 0 0 0 0 0 0 0 0 0 0 1 0 0 0 0 0 0 0 0 0 0 0 0 0 0 0 0 0 0 0 0 0 0 0 0 0 0 0 0 0 0 0 0 1 0 0 0 0 0 0 0 0 0 0 0 0 0 0 0 	# -5.394184 -0.006292 -0.034909 0.009596 0.148351 -0.990919 -0.005634 0.005916 9.645477 10.486702 
85		1.220000	0	4	1.210893		2 2 1 0 1 2 2 1 0 3 2 2 0 1 0 3 3 0 1 2 1 1 0 3 0 4 2 2 1 0 2 0 0 1 3 0 3 0 1 1 0 2 3 0 2 0 1 4 2 0 0 4 4 1 1 0 0 1 2 1 1 3 1 0 0 1 0 0 0 1 0 2 2 2 1 0 0 1 0 0 0 0 3 2 1 1 0 1 4 2 1 4 2 0 0 0 1 3 0 1 	# -15.990494 -0.004518 -0.297854 -0.140485 1.486139 -0.112986 -0.025578 -0.133887 -0.667199 -1.200571 
86		0.070000	0	5	0.517472		0 0 0 0 0 0 0 0 0 0 0 0 0 0 0 0 0 0 0 0 0 0 0 0 0 0 0 0 0 0 0 0 0 0 0 0 0 0 0 0 0 1 0 0 0 1 0 0 0 0 0 0 0 0 0 0 0 0 0 0 0 0 0 0 0 0 0 0 0 0 0 0 0 0 0 0 0 0 0 0 0 0 0 0 0 0 0 0 0 0 0 0 0 0 0 0 0 0 5 0 	# -3.910671 -0.004650 -0.035643 0.009295 0.148142 -0.617872 -0.004318 0.005638 5.907961 6.749125 
87		1.380000	0	8	1.587705		2 0 0 1 0 0 0 0 0 2 0 4 1 1 0 0 3 2 0 1 0 1 0 0 1 1 2 1 0 2 1 2 8 0 2 3 1 2 0 1 2 2 0 2 0 1 6 2 2 5 0 2 2 0 1 1 0 6 0 0 1 1 0 0 7 3 2 1 1 1 1 2 0 1 1 1 2 1 0 0 1 0 2 3 1 1 0 1 1 1 0 0 3 3 4 2 0 3 4 3 	# -16.374664 0.000309 -0.302395 -0.142417 1.481542 -0.234536 -0.022176 -0.135148 0.511241 -0.019382 
88		0.070000	0	4	0.497570		0 0 0 0 0 0 0 0 0 0 0 0 0 0 0 0 0 0 0 0 0 0 0 0 0 0 0 0 0 0 0 0 0 0 0 0 0 0 0 0 0 0 0 0 0 0 0 0 0 0 0 0 0 0 0 0 0 0 0 0 0 3 0 0 0 0 0 0 0 0 0 0 0 0 0 0 0 0 0 0 0 0 0 0 0 0 4 0 0 0 0 0 0 0 0 0 0 0 0 0 	# -5.394184 -0.006292 -0.034909 0.009596 0.148351 -0.990919 -0.005634 0.005916 9.645477 10.486702 
89		1.290000	0	5	1.350608		3 1 0 0 2 0 4 1 1 0 4 3 0 1 3 1 3 3 3 1 3 3 0 1 2 1 1 0 3 0 0 4 0 1 5 1 0 2 1 3 0 1 3 0 3 1 1 3 0 0 0 4 0 2 1 1 0 1 2 0 0 0 3 0 0 1 0 0 1 2 1 1 0 0 0 0 5 0 2 0 1 1 4 0 0 1 4 1 0 1 1 2 2 1 2 1 0 2 1 0 	# -15.990494 -0.004518 -0.297854 -0.140485 1.486139 -0.112986 -0.025578 -0.133887 -0.667199 -1.200571 
90		0.090000	0	8	0.805223		0 0 0 0 0 0 0 0 0 0 0 0 0 0 0 0 0 0 0 0 0 0 0 0 0 0 0 0 0 0 0 0 0 0 0 0 0 0 0 0 0 0 0 0 0 0 0 0 0 0 0 0 0 0 0 0 0 0 0 0 0 0 0 0 0 0 0 0 0 0 0 0 0 0 1 0 0 0 0 0 0 0 0 0 0 0 8 0 0 0 0 0 0 0 0 0 0 0 0 0 	# -3.910671 -0.004650 -0.035643 0.009295 0.148142 -0.617872 -0.004318 0.005638 5.907961 6.749125 
91		1.030000	0	5	1.149923		0 0 1 3 0 0 3 0 0 1 0 1 0 1 1 0 2 1 0 2 0 1 0 1 1 1 1 1 0 4 0 0 1 0 0 0 0 0 0 1 1 2 0 0 1 1 3 0 1 0 0 3 0 1 2 0 0 5 1 2 2 4 3 0 3 3 1 1 1 0 1 1 0 0 1 2 1 1 4 1 0 1 3 2 0 2 1 2 0 0 2 1 1 3 1 0 2 1 0 0 	# -16.374664 0.000309 -0.302395 -0.142417 1.481542 -0.234536 -0.022176 -0.135148 0.511241 -0.019382 
92		0.000000	0	0	0.000000		0 0 0 0 0 0 0 0 0 0 0 0 0 0 0 0 0 0 0 0 0 0 0 0 0 0 0 0 0 0 0 0 0 0 0 0 0 0 0 0 0 0 0 0 0 0 0 0 0 0 0 0 0 0 0 0 0 0 0 0 0 0 0 0 0 0 0 0 0 0 0 0 0 0 0 0 0 0 0 0 0 0 0 0 0 0 0 0 0 0 0 0 0 0 0 0 0 0 0 0 	# -5.394184 -0.006292 -0.034909 0.009596 0.148351 -0.990919 -0.005634 0.005916 9.645477 10.486702 
93		1.150000	0	6	1.290016		3 1 0 1 2 1 6 0 0 1 1 0 2 2 4 1 0 1 0 0 5 2 1 1 2 2 1 3 0 1 0 0 1 1 2 0 0 0 2 1 1 1 1 1 2 1 1 0 0 0 0 1 0 0 0 1 0 2 0 2 2 3 1 1 4 1 0 0 3 4 0 1 0 5 0 1 1 0 0 1 4 0 0 1 1 0 1 0 1 0 0 1 2 2 0 1 3 3 1 1 	# -15.990494 -0.004518 -0.297854 -0.140485 1.486139 -0.112986 -0.025578 -0.133887 -0.667199 -1.200571 
94		0.080000	0	5	0.580491		0 0 0 0 0 0 0 0 0 0 0 0 0 0 0 0 0 0 0 0 0 0 0 0 0 0 0 0 0 0 0 0 0 0 0 0 0 0 0 0 0 0 0 0 0 0 0 0 0 0 0 0 0 0 0 0 0 0 0 0 0 0 0 0 0 0 0 0 0 0 0 0 0 0 0 5 0 0 3 0 0 0 0 0 0 0 0 0 0 0 0 0 0 0 0 0 0 0 0 0 	# -3.910671 -0.004650 -0.035643 0.009295 0.148142 -0.617872 -0.004318 0.005638 5.907961 6.749125 
95		1.360000	0	8	1.396388		2 2 1 1 0 3 3 3 1 2 3 0 2 3 4 0 2 3 1 0 1 2 0 1 1 1 0 2 1 2 1 1 2 4 2 1 1 0 4 3 1 0 0 0 0 1 0 2 2 0 1 2 1 4 0 1 0 2 0 0 1 2 3 0 0 1 4 3 0 1 4 0 0 1 1 0 3 0 2 8 1 0 2 0 0 1 1 0 3 0 1 0 0 3 1 3 0 2 0 1 	# -16.374664 0.000309 -0.302395 -0.142417 1.481542 -0.234536 -0.022176 -0.135148 0.511241 -0.019382 
96		0.010000	0	1	0.100000		0 0 0 0 0 0 0 0 0 0 0 0 0 0 0 0 0 0 0 0 0 0 0 0 0 0 0 0 0 0 0 0 0 0 0 0 0 0 0 0 0 0 1 0 0 0 0 0 0 0 0 0 0 0 0 0 0 0 0 0 0 0 0 0 0 0 0 0 0 0 0 0 0 0 0 0 0 0 0 0 0 0 0 0 0 0 0 0 0 0 0 0 0 0 0 0 0 0 0 0 	# -5.394184 -0.006292 -0.034909 0.009596 0.148351 -0.990919 -0.005634 0.005916 9.645477 10.486702 
97		1.440000	0	10	1.546060		0 1 2 2 2 1 1 0 0 2 3 0 1 1 0 2 4 1 1 0 0 0 2 3 0 0 1 1 1 2 2 0 10 1 4 3 3 1 0 0 2 0 2 3 2 2 0 1 0 1 0 4 0 2 5 1 0 0 6 1 1 2 1 0 1 3 1 1 2 0 0 1 3 1 0 1 1 0 3 3 2 3 3 2 0 1 0 2 0 0 0 2 2 2 3 0 0 2 3 2 	# -15.990494 -0.004518 -0.297854 -0.140485 1.486139 -0.112986 -0.025578 -0.133887 -0.667199 -1.200571 
98		0.050000	0	4	0.411329		0 0 0 0 0 0 0 0 0 0 0 0 0 0 0 0 0 0 0 0 0 0 0 0 0 0 0 0 0 0 0 0 0 0 0 0 0 0 0 0 0 0 0 0 0 0 0 0 0 0 0 0 0 0 0 0 0 0 0 0 0 0 0 0 0 0 0 0 0 0 0 0 0 0 0 0 0 0 0 0 1 0 0 0 0 0 0 0 0 0 0 0 0 0 0 0 0 0 0 4 	# -3.910671 -0.004650 -0.035643 0.009295 0.148142 -0.617872 -0.004318 0.005638 5.907961 6.749125 
99		1.500000	0	5	1.314257		1 1 0 0 2 2 2 2 1 4 1 1 2 2 0 2 0 4 3 2 1 3 1 0 0 1 0 0 2 2 1 1 2 1 0 0 1 0 2 2 2 0 5 0 1 3 0 1 0 2 2 0 2 1 1 2 1 3 3 3 1 0 2 4 2 4 2 1 0 1 0 4 3 4 1 0 1 0 4 4 1 1 0 1 0 0 1 1 0 1 2 2 2 1 4 2 3 0 1 5 	# -16.374664 0.000309 -0.302395 -0.142417 1.481542 -0.234536 -0.022176 -0.135148 0.511241 -0.019382 
100		0.010000	0	1	0.100000		0 0 0 0 0 0 0 0 0 0 0 0 0 0 0 0 0 0 0 0 0 0 0 0 0 0 0 0 0 0 0 0 0 0 0 0 0 0 0 0 0 0 0 0 0 0 0 0 0 0 0 0 0 0 0 0 0 0 0 0 0 0 0 0 0 0 0 0 0 0 0 1 0 0 0 0 0 0 0 0 0 0 0 0 0 0 0 0 0 0 0 0 0 0 0 0 0 0 0 0 	# -5.394184 -0.006292 -0.034909 0.009596 0.148351 -0.990919 -0.005634 0.005916 9.645477 10.486702 
101		1.150000	0	6	1.242147		1 2 4 2 0 0 0 1 1 1 0 0 1 1 0 1 0 2 2 4 1 3 0 1 1 1 0 0 0 1 0 2 3 4 1 0 0 2 1 0 0 3 0 3 1 2 1 0 0 0 1 4 2 0 2 0 0 2 1 0 0 4 0 2 1 2 1 0 0 1 1 2 3 1 1 0 0 2 2 1 1 1 2 1 0 0 2 1 1 0 2 1 1 0 6 0 4 2 0 0 	# -15.990494 -0.004518 -0.297854 -0.140485 1.486139 -0.112986 -0.025578 -0.133887 -0.667199 -1.200571 
102		0.090000	0	6	0.637150		0 0 0 0 0 0 0 0 0 0 0 0 0 2 0 0 6 0 0 0 0 0 0 0 0 0 0 0 0 0 0 0 0 0 0 0 0 0 0 0 0 0 0 0 0 0 0 0 0 0 0 0 0 0 0 1 0 0 0 0 0 0 0 0 0 0 0 0 0 0 0 0 0 0 0 0 0 0 0 0 0 0 0 0 0 0 0 0 0 0 0 0 0 0 0 0 0 0 0 0 	# -3.910671 -0.004650 -0.035643 0.009295 0.148142 -0.617872 -0.004318 0.005638 5.907961 6.749125 
103		1.470000	0	4	1.242797		2 0 4 1 1 2 2 2 2 2 2 0 0 0 2 0 2 3 2 3 2 2 4 1 0 3 1 3 2 1 4 0 0 2 0 0 4 2 0 1 0 3 1 3 1 2 0 1 3 1 3 3 0 0 4 1 0 0 0 3 0 1 2 1 0 2 2 1 2 1 0 2 2 0 0 2 2 0 0 3 4 1 2 1 2 3 2 2 2 4 0 0 3 0 0 0 2 1 1 1 	# -16.374664 0.000309 -0.302395 -0.142417 1.481542 -0.234536 -0.022176 -0.135148 0.511241 -0.019382 
104		0.030000	0	3	0.300000		0 0 0 0 0 0 0 0 0 0 0 0 0 0 0 0 0 0 0 0 0 0 0 0 0 0 0 0 0 0 0 0 0 0 0 0 0 0 0 0 0 0 0 0 0 0 0 0 0 0 0 0 0 0 0 0 0 0 0 0 0 0 0 0 0 0 0 0 0 0 3 0 0 0 0 0 0 0 0 0 0 0 0 0 0 0 0 0 0 0 0 0 0 0 0 0 0 0 0 0 	# -5.394184 -0.006292 -0.034909 0.009596 0.148351 -0.990919 -0.005634 0.005916 9.645477 10.486702 
105		1.310000	0	6	1.433333		0 2 0 1 3 0 0 1 1 2 2 1 0 1 0 0 1 2 6 5 2 2 2 2 0 1 2 6 1 0 1 0 0 0 0 1 2 1 2 0 0 2 5 1 3 0 5 1 0 0 0 3 0 2 0 2 0 5 2 0 1 5 1 0 2 3 1 1 2 0 1 2 2 1 2 0 1 1 0 0 1 2 3 0 1 3 0 0 0 1 2 1 2 2 0 0 0 1 1 1 	# -15.990494 -0.004518 -0.297854 -0.140485 1.486139 -0.112986 -0.025578 -0.133887 -0.667199 -1.200571 
106		0.020000	0	1	0.140705		0 0 0 0 0 0 0 0 0 0 0 0 0 0 0 0 0 0 0 0 0 0 0 0 0 0 0 0 0 0 0 1 0 0 0 0 0 0 0 0 0 0 0 0 0 0 0 0 0 0 0 0 0 0 0 0 0 0 0 0 0 0 0 0 0 0 0 0 0 0 0 0 0 0 0 0 0 0 0 0 0 0 0 0 0 0 0 1 0 0 0 0 0 0 0 0 0 0 0 0 	# -3.910671 -0.004650 -0.035643 0.009295 0.148142 -0.617872 -0.004318 0.005638 5.907961 6.749125 
107		1.400000	0	5	1.294901		0 2 1 2 0 0 4 4 2 3 2 1 5 2 0 0 0 1 0 1 1 2 2 2 2 3 0 0 5 2 2 3 0 1 3 0 1 2 2 1 3 1 3 1 1 0 5 0 0 2 0 2 2 1 1 0 2 2 1 0 2 4 2 0 3 0 3 2 0 0 1 4 2 0 2 0 0 0 1 1 0 2 1 1 1 1 0 0 1 3 0 2 0 2 2 1 0 1 1 3 	# -16.374664 0.000309 -0.302395 -0.142417 1.481542 -0.234536 -0.022176 -0.135148 0.511241 -0.019382 
108		0.090000	0	5	0.587668		0 0 0 0 0 0 0 0 0 0 0 0 0 0 0 0 0 0 0 0 0 0 0 0 0 0 0 0 0 0 0 0 0 0 1 0 0 0 0 0 0 0 0 0 0 0 0 0 0 0 0 0 0 5 0 0 0 0 0 0 0 0 0 0 0 0 0 0 0 0 0 0 0 3 0 0 0 0 0 0 0 0 0 0 0 0 0 0 0 0 0 0 0 0 0 0 0 0 0 0 	# -5.394184 -0.006292 -0.034909 0.009596 0.148351 -0.990919 -0.005634 0.005916 9.645477 10.486702 
109		1.150000	0	5	1.209182		1 2 3 1 1 0 2 3 2 1 5 1 0 5 1 2 1 3 1 1 3 0 0 1 1 1 0 1 0 0 1 0 1 2 1 0 1 0 1 0 1 1 2 0 1 2 1 1 0 3 2 4 0 1 2 0 0 1 3 2 2 0 2 0 0 1 0 0 2 0 0 2 1 3 4 0 1 4 0 3 2 2 0 0 0 1 0 0 1 0 1 3 1 1 1 0 0 0 0 0 	# -15.990494 -0.004518 -0.297854 -0.140485 1.486139 -0.112986 -0.025578 -0.133887 -0.667199 -1.200571 
110		0.110000	0	4	0.548552		0 0 0 0 0 0 0 0 0 0 0 0 0 0 0 0 0 0 0 0 0 0 0 0 0 0 0 0 0 3 0 1 0 0 0 0 0 0 0 0 0 0 0 0 0 0 0 1 0 0 0 0 0 0 0 0 0 0 0 0 0 0 0 0 0 0 0 0 0 0 0 0 0 0 0 0 0 0 0 0 0 0 0 0 0 0 0 0 0 4 0 0 0 0 0 0 0 2 0 0 	# -3.910671 -0.004650 -0.035643 0.009295 0.148142 -0.617872 -0.004318 0.005638 5.907961 6.749125 
111		1.300000	0	7	1.290994		2 3 1 1 1 7 1 1 0 1 0 1 2 1 1 2 3 2 1 3 1 0 1 0 0 2 1 5 2 0 1 2 0 0 1 0 5 1 1 1 0 2 1 0 2 0 1 3 1 2 0 0 3 0 1 1 0 1 0 2 2 0 0 1 5 4 1 1 2 0 1 2 2 2 3 0 0 0 2 0 1 3 3 2 0 1 0 1 0 1 2 0 1 1 1 1 1 1 2 2 	# -16.374664 0.000309 -0.302395 -0.142417 1.481542 -0.234536 -0.022176 -0.135148 0.511241 -0.019382 
112		0.030000	0	3	0.300000		0 0 0 0 0 0 0 0 0 0 0 0 0 0 0 0 0 0 0 0 0 0 0 0 0 0 0 0 0 0 0 0 0 0 0 0 0 0 0 0 0 0 0 0 0 0 0 0 0 0 0 0 0 0 0 0 0 0 0 0 0 0 0 0 3 0 0 0 0 0 0 0 0 0 0 0 0 0 0 0 0 0 0 0 0 0 0 0 0 0 0 0 0 0 0 0 0 0 0 0 	# -5.394184 -0.006292 -0.034909 0.009596 0.148351 -0.990919 -0.005634 0.005916 9.645477 10.486702 
113		1.200000	0	9	1.428427		1 1 2 0 0 3 0 3 0 0 3 5 3 0 2 1 0 0 5 0 1 0 1 1 1 0 3 0 1 3 1 2 3 2 0 1 0 9 0 0 0 2 4 3 0 0 3 1 0 0 2 2 1 3 1 1 2 0 2 2 1 0 0 2 1 2 1 2 0 1 0 2 2 0 0 2 0 2 0 1 0 0 1 1 1 0 3 1 0 0 0 1 0 1 2 0 1 1 0 1 	# -15.990494 -0.004518 -0.297854 -0.140485 1.486139 -0.112986 -0.025578 -0.133887 -0.667199 -1.200571 
114		0.000000	0	0	0.000000		0 0 0 0 0 0 0 0 0 0 0 0 0 0 0 0 0 0 0 0 0 0 0 0 0 0 0 0 0 0 0 0 0 0 0 0 0 0 0 0 0 0 0 0 0 0 0 0 0 0 0 0 0 0 0 0 0 0 0 0 0 0 0 0 0 0 0 0 0 0 0 0 0 0 0 0 0 0 0 0 0 0 0 0 0 0 0 0 0 0 0 0 0 0 0 0 0 0 0 0 	# -3.910671 -0.004650 -0.035643 0.009295 0.148142 -0.617872 -0.004318 0.005638 5.907961 6.749125 
115		1.220000	0	5	1.314872		4 1 1 2 2 0 3 0 0 1 1 2 1 1 0 5 2 0 0 1 3 0 0 2 0 2 0 1 0 3 0 1 5 1 0 2 0 0 0 3 1 1 3 3 2 0 0 5 1 2 3 2 2 3 0 2 0 2 0 0 2 0 1 0 1 0 1 1 0 2 0 0 2 1 1 1 0 5 0 0 0 0 1 2 0 0 2 2 0 0 1 2 2 3 0 2 0 0 2 3 	# -16.374664 0.000309 -0.302395 -0.142417 1.481542 -0.234536 -0.022176 -0.135148 0.511241 -0.019382 
116		0.060000	0	3	0.422116		0 0 0 0 0 0 0 0 0 0 0 0 0 0 0 0 0 0 0 0 0 0 0 0 0 0 0 0 0 0 3 0 0 0 0 0 0 0 0 0 0 0 0 0 0 0 0 0 0 0 0 0 0 0 0 0 0 0 0 0 0 0 0 0 0 0 0 0 0 0 0 0 0 0 0 0 0 0 0 0 0 0 0 0 0 0 0 0 0 0 3 0 0 0 0 0 0 0 0 0 	# -5.394184 -0.006292 -0.034909 0.009596 0.148351 -0.990919 -0.005634 0.005916 9.645477 10.486702 
117		1.440000	0	5	1.217051		1 2 0 0 1 0 4 1 0 4 1 0 3 0 2 1 4 5 3 3 0 2 3 2 0 0 1 1 2 1 1 2 1 2 1 0 0 1 1 1 2 3 1 2 0 3 0 0 3 0 3 1 1 2 3 5 2 0 0 2 1 1 1 1 2 0 3 0 3 2 3 4 2 1 1 1 1 2 2 1 1 0 1 1 1 1 1 1 1 0 3 2 1 1 0 1 2 0 1 3 	# -15.990494 -0.004518 -0.297854 -0.140485 1.486139 -0.112986 -0.025578 -0.133887 -0.667199 -1.200571 
118		0.040000	0	3	0.315268		0 0 0 0 0 0 0 0 0 0 0 0 0 0 0 0 0 0 0 0 0 0 0 0 0 0 0 0 0 0 0 0 0 0 0 0 0 0 0 0 0 0 0 0 0 0 0 0 0 0 0 0 0 0 0 0 0 0 0 0 0 0 0 0 0 0 0 0 0 0 1 0 0 0 0 0 0 0 0 0 0 0 0 0 0 0 0 0 0 0 0 0 0 0 0 3 0 0 0 0 	# -3.910671 -0.004650 -0.035643 0.009295 0.148142 -0.617872 -0.004318 0.005638 5.907961 6.749125 
119		1.350000	0	6	1.297823		2 0 0 2 1 3 0 1 3 1 1 1 1 2 0 5 2 0 1 3 0 2 2 0 1 3 0 5 1 4 0 2 1 0 1 1 0 3 0 2 2 1 3 0 0 0 3 0 3 2 0 3 1 0 1 0 0 2 2 4 1 1 1 2 2 2 0 1 0 1 1 0 3 0 6 1 3 3 1 2 2 0 1 2 0 0 1 0 0 1 2 1 1 1 0 2 2 3 1 0 	# -16.374664 0.000309 -0.302395 -0.142417 1.481542 -0.234536 -0.022176 -0.135148 0.511241 -0.019382 
120		0.100000	0	4	0.522233		0 0 0 0 0 0 0 0 0 1 0 1 0 0 0 0 0 0 0 0 0 0 0 0 0 0 0 0 1 0 0 0 0 0 0 0 0 0 4 0 0 0 0 0 0 3 0 0 0 0 0 0 0 0 0 0 0 0 0 0 0 0 0 0 0 0 0 0 0 0 0 0 0 0 0 0 0 0 0 0 0 0 0 0 0 0 0 0 0 0 0 0 0 0 0 0 0 0 0 0 	# -5.394184 -0.006292 -0.034909 0.009596 0.148351 -0.990919 -0.005634 0.005916 9.645477 10.486702 
121		1.470000	0	6	1.374038		0 0 2 3 1 2 0 3 1 1 3 0 4 2 2 1 2 1 0 0 2 0 0 3 0 0 1 1 1 3 2 1 0 1 0 0 5 0 2 0 1 1 0 1 0 3 0 2 5 3 1 1 1 2 1 1 0 2 1 0 4 0 6 2 1 3 1 0 3 1 2 1 1 3 1 1 1 1 3 1 1 1 2 0 2 2 6 1 4 2 1 0 3 2 1 4 0 1 1 1 	# -15.990494 -0.004518 -0.297854 -0.140485 1.486139 -0.112986 -0.025578 -0.133887 -0.667199 -1.200571 
122		0.060000	0	4	0.422116		0 0 0 0 0 0 0 0 0 0 0 0 0 0 0 0 0 0 0 0 0 0 0 0 0 0 0 0 0 0 0 0 0 0 4 0 0 0 0 0 0 0 0 0 0 0 0 0 0 0 0 0 0 0 0 0 0 0 0 0 0 0 0 0 0 1 0 0 0 0 0 0 0 0 0 0 0 0 0 0 0 1 0 0 0 0 0 0 0 0 0 0 0 0 0 0 0 0 0 0 	# -3.910671 -0.004650 -0.035643 0.009295 0.148142 -0.617872 -0.004318 0.005638 5.907961 6.749125 
123		1.340000	0	6	1.444040		1 1 0 0 0 4 1 3 1 1 5 0 0 1 0 1 2 1 2 0 5 4 1 0 0 0 1 2 0 0 0 0 2 3 2 2 1 0 1 1 4 3 0 3 3 0 1 2 1 2 1 0 2 1 0 0 1 0 0 0 0 1 6 0 1 3 2 4 1 0 0 1 0 5 3 0 1 3 3 2 0 0 0 3 4 0 1 2 0 3 1 0 2 0 2 1 3 1 2 0 	# -16.374664 0.000309 -0.302395 -0.142417 1.481542 -0.234536 -0.022176 -0.135148 0.511241 -0.019382 
124		0.060000	0	4	0.445403		0 0 0 0 0 0 0 0 0 0 0 0 0 0 0 0 0 0 0 0 0 0 0 0 0 0 0 0 0 0 0 0 0 0 0 0 0 0 0 0 0 0 0 0 0 0 0 0 0 0 0 0 0 0 0 0 0 0 0 0 0 0 0 4 0 2 0 0 0 0 0 0 0 0 0 0 0 0 0 0 0 0 0 0 0 0 0 0 0 0 0 0 0 0 0 0 0 0 0 0 	# -5.394184 -0.006292 -0.034909 0.009596 0.148351 -0.990919 -0.005634 0.005916 9.645477 10.486702 
125		1.220000	0	5	1.235665		0 1 2 0 0 0 1 0 2 0 1 2 0 0 1 4 2 1 0 0 2 2 0 0 3 0 0 0 0 5 1 1 0 2 1 2 3 0 1 2 2 3 0 0 2 0 2 2 0 2 1 2 0 1 0 0 1 1 0 1 0 2 0 3 1 3 0 0 3 2 1 2 0 0 0 0 1 0 4 1 3 1 1 3 0 1 3 3 1 2 4 1 1 2 1 1 5 1 1 2 	# -15.990494 -0.004518 -0.297854 -0.140485 1.486139 -0.112986 -0.025578 -0.133887 -0.667199 -1.200571 
126		0.020000	0	2	0.200000		0 0 0 0 0 0 0 0 0 0 0 0 0 0 0 0 0 0 0 0 0 0 0 0 0 0 0 0 0 0 0 0 0 0 0 0 0 0 0 0 0 0 0 0 0 0 0 0 0 0 0 0 0 0 0 0 0 0 0 0 0 0 0 0 0 0 0 0 0 0 0 0 0 0 0 0 0 0 0 0 0 0 0 0 0 0 0 0 2 0 0 0 0 0 0 0 0 0 0 0 	# -3.910671 -0.004650 -0.035643 0.009295 0.148142 -0.617872 -0.004318 0.005638 5.907961 6.749125 
127		1.510000	0	7	1.579509		0 4 1 0 1 1 0 4 1 2 1 3 0 1 1 3 1 2 2 1 2 1 0 1 1 1 2 1 1 0 2 2 0 1 1 0 0 0 0 2 3 2 6 1 0 1 4 0 2 2 0 6 3 0 4 0 1 2 0 1 2 2 5 2 4 3 0 1 2 3 1 0 5 5 0 1 1 0 2 0 1 1 0 1 0 3 2 2 0 0 1 7 1 1 0 2 5 0 0 0 	# -16.374664 0.000309 -0.302395 -0.142417 1.481542 -0.234536 -0.022176 -0.135148 0.511241 -0.019382 
128		0.060000	0	4	0.422116		0 0 0 0 0 0 0 0 0 0 0 1 0 0 0 0 0 0 0 0 0 0 0 0 0 0 0 0 0 0 0 0 0 0 0 0 0 4 0 0 1 0 0 0 0 0 0 0 0 0 0 0 0 0 0 0 0 0 0 0 0 0 0 0 0 0 0 0 0 0 0 0 0 0 0 0 0 0 0 0 0 0 0 0 0 0 0 0 0 0 0 0 0 0 0 0 0 0 0 0 	# -5.394184 -0.006292 -0.034909 0.009596 0.148351 -0.990919 -0.005634 0.005916 9.645477 10.486702 
129		1.400000	0	7	1.294901		1 1 3 1 2 7 2 2 2 0 2 0 0 2 0 1 1 0 2 0 4 1 2 1 1 0 3 4 1 3 0 2 2 1 1 2 0 0 1 0 2 1 1 2 4 0 0 2 0 1 0 1 4 3 2 1 2 2 2 3 0 3 2 0 0 3 1 0 0 1 1 3 3 0 1 1 0 0 1 1 2 1 2 0 1 0 0 1 1 3 0 2 4 4 1 2 1 1 2 0 	# -15.990494 -0.004518 -0.297854 -0.140485 1.486139 -0.112986 -0.025578 -0.133887 -0.667199 -1.200571 
130		0.050000	0	3	0.358870		0 0 0 0 0 0 0 0 0 0 0 0 0 0 0 0 0 0 0 0 0 0 0 0 0 0 0 0 0 0 0 0 0 0 0 0 0 2 0 0 0 0 0 0 0 0 0 0 0 0 0 0 0 0 3 0 0 0 0 0 0 0 0 0 0 0 0 0 0 0 0 0 0 0 0 0 0 0 0 0 0 0 0 0 0 0 0 0 0 0 0 0 0 0 0 0 0 0 0 0 	# -3.910671 -0.004650 -0.035643 0.009295 0.148142 -0.617872 -0.004318 0.005638 5.907961 6.749125 
131		1.500000	0	6	1.417780		2 3 3 1 0 0 2 1 1 6 2 2 2 1 4 0 0 4 1 0 2 3 1 2 2 2 3 1 3 2 3 0 1 2 0 0 1 0 3 0 1 1 2 0 0 1 1 0 1 0 0 1 1 2 1 1 2 1 2 3 5 2 4 1 0 3 0 0 3 2 1 2 0 1 0 3 1 6 1 2 0 0 3 2 1 0 2 0 1 1 3 0 0 0 0 4 5 0 3 1 	# -16.374664 0.000309 -0.302395 -0.142417 1.481542 -0.234536 -0.022176 -0.135148 0.511241 -0.019382 
132		0.060000	0	3	0.371184		0 0 0 0 0 0 0 0 0 0 0 0 0 0 0 0 0 0 0 0 0 0 0 0 0 0 0 0 0 0 0 0 0 0 0 0 0 0 0 0 0 0 0 0 0 0 0 0 0 0 0 0 0 0 0 0 0 3 0 0 0 0 0 0 0 0 0 0 0 0 0 0 0 0 0 0 0 0 0 0 2 1 0 0 0 0 0 0 0 0 0 0 0 0 0 0 0 0 0 0 	# -5.394184 -0.006292 -0.034909 0.009596 0.148351 -0.990919 -0.005634 0.005916 9.645477 10.486702 
133		1.300000	0	6	1.283146		0 0 1 0 0 2 2 1 0 1 1 0 1 1 1 0 0 4 1 1 1 2 2 1 2 2 2 0 2 0 0 1 1 2 0 1 0 1 1 1 0 5 1 1 2 1 0 3 0 1 4 2 0 1 1 5 0 2 6 1 1 1 3 1 3 1 1 0 4 1 1 1 2 1 0 2 2 0 1 3 0 3 2 4 1 1 0 3 0 0 0 2 1 3 2 0 3 0 1 0 	# -15.990494 -0.004518 -0.297854 -0.140485 1.486139 -0.112986 -0.025578 -0.133887 -0.667199 -1.200571 
134		0.080000	0	3	0.442217		0 0 0 1 0 0 0 0 0 0 0 0 3 0 0 0 0 0 0 0 0 0 0 0 0 0 0 1 0 0 0 0 0 0 0 0 0 0 0 0 0 0 0 0 0 0 0 0 0 0 0 0 0 0 0 0 0 0 0 0 0 0 0 0 0 0 0 0 0 0 0 0 0 0 0 0 0 0 0 0 0 0 0 0 0 0 0 0 0 0 0 0 0 0 3 0 0 0 0 0 	# -3.910671 -0.004650 -0.035643 0.009295 0.148142 -0.617872 -0.004318 0.005638 5.907961 6.749125 
135		1.100000	0	6	1.267304		0 0 1 0 2 0 1 1 0 4 3 1 0 0 0 3 2 4 1 0 3 1 0 1 0 1 4 3 1 0 1 0 0 3 0 0 0 0 1 2 0 0 0 1 0 2 0 3 1 2 0 0 1 2 2 0 1 0 0 1 2 1 1 0 0 0 3 1 2 2 1 6 1 4 2 0 2 0 0 2 0 1 2 0 1 1 0 0 2 2 0 1 3 0 3 3 0 0 1 0 	# -16.374664 0.000309 -0.302395 -0.142417 1.481542 -0.234536 -0.022176 -0.135148 0.511241 -0.019382 
136		0.020000	0	1	0.140705		0 0 0 0 0 1 0 0 0 0 0 0 0 0 0 0 0 0 0 0 0 0 0 0 0 0 0 0 0 0 0 0 0 0 0 0 0 0 0 0 0 0 0 0 0 0 0 0 0 0 0 0 0 0 0 0 0 0 0 0 0 0 0 1 0 0 0 0 0 0 0 0 0 0 0 0 0 0 0 0 0 0 0 0 0 0 0 0 0 0 0 0 0 0 0 0 0 0 0 0 	# -5.394184 -0.006292 -0.034909 0.009596 0.148351 -0.990919 -0.005634 0.005916 9.645477 10.486702 
137		0.990000	0	4	1.058825		2 2 3 0 0 1 2 1 2 1 1 2 0 0 3 1 1 2 1 2 0 4 1 2 2 0 0 1 3 3 0 0 2 0 0 2 0 3 0 2 1 1 0 1 0 0 1 0 0 1 3 2 1 0 0 0 4 2 0 0 3 0 1 1 1 0 0 1 1 0 2 1 1 0 0 0 0 1 1 0 1 0 0 0 2 0 2 0 2 1 0 0 3 0 0 0 1 1 2 1 	# -15.990494 -0.004518 -0.297854 -0.140485 1.486139 -0.112986 -0.025578 -0.133887 -0.667199 -1.200571 
138		0.070000	0	2	0.293189		0 1 0 0 0 0 0 0 0 1 0 0 0 0 0 0 0 0 0 0 0 0 0 0 2 0 0 0 1 0 0 0 0 0 0 0 0 0 0 0 0 0 0 1 0 0 0 0 0 0 0 0 0 0 0 0 0 0 0 0 0 0 0 0 0 0 0 0 0 0 0 0 0 0 0 0 0 0 0 0 0 0 1 0 0 0 0 0 0 0 0 0 0 0 0 0 0 0 0 0 	# -3.910671 -0.004650 -0.035643 0.009295 0.148142 -0.617872 -0.004318 0.005638 5.907961 6.749125 
139		1.170000	0	5	1.247664		2 1 1 1 0 2 0 0 1 1 1 2 0 0 1 2 4 1 0 1 0 1 3 1 1 0 2 0 3 0 1 0 5 0 4 1 4 0 0 3 1 0 1 0 1 2 2 2 0 0 0 1 1 0 1 0 0 1 0 0 3 0 1 5 3 2 1 2 2 0 1 1 4 0 0 2 1 0 0 1 0 1 2 0 3 4 1 2 1 1 1 3 0 1 2 2 0 0 1 0 	# -16.374664 0.000309 -0.302395 -0.142417 1.481542 -0.234536 -0.022176 -0.135148 0.511241 -0.019382 
140		0.010000	0	1	0.100000		0 0 0 0 0 0 0 0 0 0 0 0 0 0 0 0 0 0 0 0 0 0 0 0 0 0 0 0 0 0 0 0 0 0 0 0 0 0 0 0 0 0 0 0 0 0 0 0 0 0 0 0 0 0 0 0 0 0 0 0 0 0 0 0 0 0 0 0 0 0 0 0 0 0 0 1 0 0 0 0 0 0 0 0 0 0 0 0 0 0 0 0 0 0 0 0 0 0 0 0 	# -5.394184 -0.006292 -0.034909 0.009596 0.148351 -0.990919 -0.005634 0.005916 9.645477 10.486702 
141		1.340000	0	6	1.357508		0 3 1 1 1 0 2 3 0 3 0 1 3 0 1 2 1 0 1 0 0 0 3 2 3 2 0 1 2 3 2 1 1 0 1 2 2 3 2 0 4 0 0 1 1 0 1 1 0 0 1 2 0 1 0 2 1 0 5 1 1 0 2 0 1 1 1 0 0 4 6 3 1 3 1 1 6 1 2 1 2 5 3 0 2 1 2 2 0 1 1 2 0 0 1 1 0 0 2 0 	# -15.990494 -0.004518 -0.297854 -0.140485 1.486139 -0.112986 -0.025578 -0.133887 -0.667199 -1.200571 
142		0.050000	0	4	0.411329		0 1 0 0 0 0 0 0 0 0 0 0 0 0 0 0 0 0 0 0 0 0 0 0 0 0 0 0 0 0 0 0 0 0 0 0 0 0 0 0 0 0 0 0 0 4 0 0 0 0 0 0 0 0 0 0 0 0 0 0 0 0 0 0 0 0 0 0 0 0 0 0 0 0 0 0 0 0 0 0 0 0 0 0 0 0 0 0 0 0 0 0 0 0 0 0 0 0 0 0 	# -3.910671 -0.004650 -0.035643 0.009295 0.148142 -0.617872 -0.004318 0.005638 5.907961 6.749125 
143		1.070000	0	5	1.191341		1 1 0 0 0 1 2 3 4 1 0 0 1 0 2 0 0 0 0 0 0 2 2 0 0 2 1 1 2 1 1 1 3 0 2 4 0 2 4 3 2 1 0 2 2 1 2 1 2 0 0 0 1 0 0 3 2 3 1 0 1 1 1 2 2 1 1 0 1 2 0 0 0 3 1 1 0 1 2 1 0 0 0 0 0 0 1 5 0 2 0 0 3 0 0 0 0 0 4 1 	# -16.374664 0.000309 -0.302395 -0.142417 1.481542 -0.234536 -0.022176 -0.135148 0.511241 -0.019382 
144		0.040000	0	1	0.196946		0 0 0 0 0 0 1 0 0 0 0 0 0 0 0 0 0 0 0 0 0 0 0 0 0 0 0 0 0 0 0 0 0 0 0 0 0 0 0 0 0 0 0 0 0 0 0 0 0 0 0 0 0 0 1 0 0 0 0 0 1 0 0 0 0 0 0 0 0 0 0 0 0 1 0 0 0 0 0 0 0 0 0 0 0 0 0 0 0 0 0 0 0 0 0 0 0 0 0 0 	# -5.394184 -0.006292 -0.034909 0.009596 0.148351 -0.990919 -0.005634 0.005916 9.645477 10.486702 
145		1.750000	0	8	1.695955		1 0 1 0 0 4 2 1 6 6 3 0 0 1 1 3 1 4 1 2 3 1 0 1 1 5 6 1 5 2 1 2 0 2 1 1 5 2 2 1 2 1 1 3 0 3 1 1 0 2 0 0 3 0 1 1 1 0 1 2 6 0 1 3 2 8 2 1 4 0 0 3 0 0 1 1 2 3 0 3 1 0 1 1 0 1 3 2 2 3 0 0 1 1 1 3 5 2 4 2 	# -15.990494 -0.004518 -0.297854 -0.140485 1.486139 -0.112986 -0.025578 -0.133887 -0.667199 -1.200571 
146		0.090000	0	3	0.514340		0 0 0 0 0 0 0 0 0 0 0 0 0 0 0 0 0 0 0 0 0 0 0 0 0 0 0 0 0 0 0 0 0 0 0 0 0 0 0 0 0 0 0 0 0 0 0 0 0 3 0 0 0 0 0 0 0 0 0 0 0 0 0 0 0 0 0 0 0 3 0 0 0 0 0 0 0 0 0 0 0 0 0 0 0 0 0 3 0 0 0 0 0 0 0 0 0 0 0 0 	# -3.910671 -0.004650 -0.035643 0.009295 0.148142 -0.617872 -0.004318 0.005638 5.907961 6.749125 
147		1.170000	0	5	1.155182		1 0 2 0 1 1 0 2 2 1 2 1 0 0 0 0 1 0 1 1 1 0 2 0 1 1 1 2 2 1 1 1 0 0 0 0 2 1 1 0 1 2 1 2 1 0 0 0 0 2 1 1 3 1 0 0 0 3 3 2 4 2 1 0 4 1 4 1 0 2 2 2 0 0 2 0 1 0 5 4 1 2 3 0 0 4 2 2 2 3 1 1 1 1 1 0 0 1 1 0 	# -16.374664 0.000309 -0.302395 -0.142417 1.481542 -0.234536 -0.022176 -0.135148 0.511241 -0.019382 
148		0.020000	0	2	0.200000		0 0 0 0 0 0 0 0 0 0 0 0 0 0 0 0 0 0 0 0 0 0 0 0 0 0 0 0 0 0 0 0 0 0 0 0 0 0 0 0 0 0 0 0 0 0 0 0 0 0 0 0 0 0 0 0 0 0 0 0 0 0 0 0 0 0 0 2 0 0 0 0 0 0 0 0 0 0 0 0 0 0 0 0 0 0 0 0 0 0 0 0 0 0 0 0 0 0 0 0 	# -5.394184 -0.006292 -0.034909 0.009596 0.148351 -0.990919 -0.005634 0.005916 9.645477 10.486702 
149		1.220000	0	4	1.168440		0 0 1 1 0 0 1 0 1 0 1 0 1 0 4 0 0 0 3 0 0 1 0 3 2 0 3 1 3 1 1 2 0 3 1 1 0 1 2 1 2 2 3 1 1 1 0 1 0 2 2 0 0 0 3 1 0 0 1 3 2 1 2 0 3 2 0 3 0 2 0 1 2 1 0 2 1 1 0 2 1 1 3 2 0 1 0 4 0 3 4 2 1 0 4 2 1 1 3 2 	# -15.990494 -0.004518 -0.297854 -0.140485 1.486139 -0.112986 -0.025578 -0.133887 -0.667199 -1.200571 
150		0.040000	0	4	0.400000		0 0 0 0 0 0 0 0 0 0 0 0 0 0 0 0 0 0 0 0 0 0 0 0 0 0 0 0 0 0 0 0 0 0 4 0 0 0 0 0 0 0 0 0 0 0 0 0 0 0 0 0 0 0 0 0 0 0 0 0 0 0 0 0 0 0 0 0 0 0 0 0 0 0 0 0 0 0 0 0 0 0 0 0 0 0 0 0 0 0 0 0 0 0 0 0 0 0 0 0 	# -3.910671 -0.004650 -0.035643 0.009295 0.148142 -0.617872 -0.004318 0.005638 5.907961 6.749125 
151		0.950000	0	6	1.183856		0 1 0 4 2 1 2 0 0 0 2 6 0 1 2 0 1 1 0 0 0 1 1 0 1 1 3 1 2 0 0 0 0 1 0 0 3 0 4 1 1 0 2 1 2 0 0 1 2 2 1 1 1 1 0 0 2 0 0 2 0 0 0 0 2 0 0 1 2 2 0 0 0 1 1 2 1 0 0 2 0 1 0 2 1 0 0 1 4 5 1 1 2 0 0 0 0 1 0 1 	# -16.374664 0.000309 -0.302395 -0.142417 1.481542 -0.234536 -0.022176 -0.135148 0.511241 -0.019382 
152		0.040000	0	3	0.315268		0 0 0 3 0 0 0 0 0 0 0 0 0 0 0 0 0 0 0 0 1 0 0 0 0 0 0 0 0 0 0 0 0 0 0 0 0 0 0 0 0 0 0 0 0 0 0 0 0 0 0 0 0 0 0 0 0 0 0 0 0 0 0 0 0 0 0 0 0 0 0 0 0 0 0 0 0 0 0 0 0 0 0 0 0 0 0 0 0 0 0 0 0 0 0 0 0 0 0 0 	# -5.394184 -0.006292 -0.034909 0.009596 0.148351 -0.990919 -0.005634 0.005916 9.645477 10.486702 
153		1.350000	0	6	1.424001		3 1 5 4 1 0 2 3 1 0 1 1 1 3 0 0 0 0 2 0 4 1 2 1 0 0 0 0 2 0 0 1 1 6 3 1 1 1 1 0 3 1 0 1 1 0 2 0 0 0 2 1 0 1 0 2 2 1 4 3 0 1 0 3 0 2 0 3 1 1 1 2 0 4 0 1 0 2 0 2 3 2 4 0 2 0 3 0 5 1 2 2 3 1 0 0 5 0 1 1 	# -15.990494 -0.004518 -0.297854 -0.140485 1.486139 -0.112986 -0.025578 -0.133887 -0.667199 -1.200571 
154		0.020000	0	1	0.140705		0 0 0 0 0 0 0 0 0 0 0 0 0 1 0 0 0 0 0 0 0 0 0 0 0 0 0 0 0 0 0 0 0 0 0 0 0 0 0 0 0 0 0 0 1 0 0 0 0 0 0 0 0 0 0 0 0 0 0 0 0 0 0 0 0 0 0 0 0 0 0 0 0 0 0 0 0 0 0 0 0 0 0 0 0 0 0 0 0 0 0 0 0 0 0 0 0 0 0 0 	# -3.910671 -0.004650 -0.035643 0.009295 0.148142 -0.617872 -0.004318 0.005638 5.907961 6.749125 
155		1.310000	0	5	1.368439		1 3 0 0 0 0 1 0 1 1 2 0 1 0 1 0 2 0 1 3 1 3 3 1 1 0 0 1 0 1 1 0 2 1 4 3 4 2 1 0 2 0 0 1 2 5 1 0 1 4 0 2 1 1 1 4 2 3 4 1 1 1 2 0 1 3 0 0 5 0 0 3 1 3 0 0 2 4 1 0 0 3 1 1 2 5 0 0 2 0 0 0 0 0 2 0 1 3 2 1 	# -16.374664 0.000309 -0.302395 -0.142417 1.481542 -0.234536 -0.022176 -0.135148 0.511241 -0.019382 
156		0.060000	0	3	0.371184		0 0 0 0 0 0 0 0 0 0 0 0 0 0 0 0 0 0 0 0 0 0 0 0 0 0 0 0 0 0 0 0 0 0 0 0 0 0 0 0 0 3 0 0 1 0 0 0 0 0 0 0 0 2 0 0 0 0 0 0 0 0 0 0 0 0 0 0 0 0 0 0 0 0 0 0 0 0 0 0 0 0 0 0 0 0 0 0 0 0 0 0 0 0 0 0 0 0 0 0 	# -5.394184 -0.006292 -0.034909 0.009596 0.148351 -0.990919 -0.005634 0.005916 9.645477 10.486702 
157		1.300000	0	6	1.388990		0 1 0 0 1 2 5 1 1 1 2 0 3 3 0 0 1 1 4 2 2 0 0 0 2 1 2 1 4 4 2 4 0 0 3 2 3 2 1 0 0 1 2 1 1 0 0 0 4 1 3 1 0 2 1 0 0 4 1 0 2 1 0 1 1 0 6 2 0 0 1 3 1 3 0 1 1 3 0 1 0 0 0 0 2 5 0 2 1 0 1 3 0 0 2 0 2 1 0 1 	# -15.990494 -0.004518 -0.297854 -0.140485 1.486139 -0.112986 -0.025578 -0.133887 -0.667199 -1.200571 
158		0.090000	0	3	0.473436		0 0 0 0 0 0 0 0 0 0 0 0 0 0 0 3 0 1 0 0 0 0 0 0 0 0 0 0 0 0 0 0 3 0 0 0 0 0 0 0 0 0 0 0 0 0 0 0 0 0 0 0 0 0 0 0 0 0 0 0 0 0 0 0 0 0 0 0 0 0 0 0 0 0 0 0 0 0 0 0 0 0 0 0 0 0 0 2 0 0 0 0 0 0 0 0 0 0 0 0 	# -3.910671 -0.004650 -0.035643 0.009295 0.148142 -0.617872 -0.004318 0.005638 5.907961 6.749125 
159		1.200000	0	5	1.222681		0 1 1 0 1 3 1 1 0 1 0 3 1 0 2 1 5 0 0 0 2 0 2 0 4 0 4 2 3 0 0 0 1 1 0 0 0 1 1 1 3 2 2 2 3 0 0 0 1 1 1 0 0 2 1 1 1 0 1 3 2 0 3 2 1 3 0 3 0 1 2 5 0 1 1 1 1 2 3 2 1 2 0 3 0 1 0 2 1 3 0 1 0 0 1 1 0 1 3 0 	# -16.374664 0.000309 -0.302395 -0.142417 1.481542 -0.234536 -0.022176 -0.135148 0.511241 -0.019382 
160		0.030000	0	3	0.300000		0 0 0 0 0 0 0 0 0 0 0 0 0 0 0 0 0 0 0 0 0 0 0 0 0 0 0 0 0 0 0 0 0 0 0 0 0 0 0 0 0 0 0 0 3 0 0 0 0 0 0 0 0 0 0 0 0 0 0 0 0 0 0 0 0 0 0 0 0 0 0 0 0 0 0 0 0 0 0 0 0 0 0 0 0 0 0 0 0 0 0 0 0 0 0 0 0 0 0 0 	# -5.394184 -0.006292 -0.034909 0.009596 0.148351 -0.990919 -0.005634 0.005916 9.645477 10.486702 
161		1.190000	0	7	1.461250		0 2 3 1 3 3 1 0 3 1 0 1 2 1 2 0 0 7 0 0 0 1 0 2 3 0 0 0 1 0 2 2 2 1 1 0 1 0 0 0 2 0 0 4 0 3 1 1 0 2 0 2 0 0 0 1 0 0 1 3 0 2 0 1 1 0 1 0 0 0 0 2 6 0 5 0 0 0 1 0 1 1 1 3 0 4 6 1 1 1 0 3 1 2 1 1 1 3 1 2 	# -15.990494 -0.004518 -0.297854 -0.140485 1.486139 -0.112986 -0.025578 -0.133887 -0.667199 -1.200571 
162		0.020000	0	2	0.200000		0 0 0 0 0 0 0 0 0 0 0 0 0 0 0 0 0 0 0 0 0 0 0 0 0 0 0 0 0 0 0 0 0 0 0 0 0 0 0 0 0 0 0 0 0 0 0 0 0 0 0 0 0 0 0 0 0 0 0 0 0 0 0 0 0 0 0 0 0 0 0 0 0 0 0 0 0 0 0 0 0 0 0 0 0 2 0 0 0 0 0 0 0 0 0 0 0 0 0 0 	# -3.910671 -0.004650 -0.035643 0.009295 0.148142 -0.617872 -0.004318 0.005638 5.907961 6.749125 
163		1.170000	0	8	1.341302		0 0 0 8 1 2 5 1 1 4 3 0 0 1 1 0 3 3 1 1 2 1 3 0 0 1 2 0 0 0 0 0 2 0 1 1 0 1 3 1 2 0 1 1 0 1 0 5 0 1 0 1 0 3 1 0 1 2 2 0 1 0 3 0 1 0 2 0 2 2 0 1 1 3 2 0 1 1 0 1 3 1 2 0 1 3 2 0 1 2 0 0 1 1 1 2 1 0 1 0 	# -16.374664 0.000309 -0.302395 -0.142417 1.481542 -0.234536 -0.022176 -0.135148 0.511241 -0.019382 
164		0.080000	0	4	0.464497		0 1 0 0 0 0 0 0 0 0 0 0 0 0 0 0 0 0 0 0 0 0 0 0 0 0 0 0 0 0 0 0 0 0 0 0 2 0 0 0 0 0 0 0 0 0 0 0 0 0 0 0 0 0 0 0 4 0 0 0 0 0 0 0 0 0 0 0 0 0 0 0 0 0 0 0 0 0 0 0 0 0 0 0 0 0 0 0 0 0 0 0 0 0 0 0 0 1 0 0 	# -5.394184 -0.006292 -0.034909 0.009596 0.148351 -0.990919 -0.005634 0.005916 9.645477 10.486702 
165		1.560000	0	5	1.380382		1 2 1 2 3 3 1 2 1 1 4 0 1 1 0 1 1 2 0 0 1 4 4 3 1 0 5 0 1 1 0 0 4 1 0 3 2 2 2 0 2 0 3 0 1 0 5 2 1 2 1 0 3 5 1 0 1 0 1 2 1 2 1 1 2 1 1 0 0 4 1 1 3 2 3 1 2 1 2 3 0 1 5 0 2 3 0 0 2 4 0 1 4 1 0 2 3 0 2 3 	# -15.990494 -0.004518 -0.297854 -0.140485 1.486139 -0.112986 -0.025578 -0.133887 -0.667199 -1.200571 
166		0.170000	0	9	1.054619		0 0 0 0 0 0 0 0 0 0 0 0 0 0 0 0 0 0 0 0 0 0 0 0 0 0 0 0 0 0 0 0 0 0 0 0 0 0 0 4 0 0 0 0 0 0 0 0 9 0 0 0 0 0 0 0 0 0 0 0 0 0 0 0 0 0 0 0 0 0 0 0 0 0 0 0 0 0 0 0 0 0 0 4 0 0 0 0 0 0 0 0 0 0 0 0 0 0 0 0 	# -3.910671 -0.004650 -0.035643 0.009295 0.148142 -0.617872 -0.004318 0.005638 5.907961 6.749125 
167		1.130000	0	5	1.211519		0 2 5 2 0 1 2 0 2 1 0 1 1 2 2 2 4 0 0 1 1 0 0 2 0 0 2 1 2 0 1 0 0 1 3 1 2 1 0 0 0 0 2 0 2 1 2 2 0 0 0 0 3 1 1 1 0 2 0 2 1 3 4 2 1 4 0 2 1 0 0 0 0 0 1 3 0 0 1 0 1 1 1 3 2 2 1 4 3 2 0 4 1 0 0 1 0 0 0 0 	# -16.374664 0.000309 -0.302395 -0.142417 1.481542 -0.234536 -0.022176 -0.135148 0.511241 -0.019382 
168		0.040000	0	4	0.400000		0 0 0 0 0 0 0 0 0 0 0 0 0 0 0 0 0 0 0 0 0 0 0 0 0 0 0 0 0 0 0 0 0 0 0 0 0 0 0 0 0 0 0 4 0 0 0 0 0 0 0 0 0 0 0 0 0 0 0 0 0 0 0 0 0 0 0 0 0 0 0 0 0 0 0 0 0 0 0 0 0 0 0 0 0 0 0 0 0 0 0 0 0 0 0 0 0 0 0 0 	# -5.394184 -0.006292 -0.034909 0.009596 0.148351 -0.990919 -0.005634 0.005916 9.645477 10.486702 
169		1.320000	0	6	1.213393		1 1 1 0 2 0 3 0 1 2 0 1 0 1 6 0 0 0 2 1 2 1 0 0 1 3 5 1 3 1 2 1 1 4 1 0 0 1 2 0 3 3 1 3 3 2 1 2 2 0 0 3 0 1 0 2 1 1 0 2 1 2 1 0 4 1 1 1 1 1 1 1 1 0 2 3 2 3 0 0 0 0 2 0 1 0 3 1 1 1 2 2 0 3 0 2 2 2 1 2 	# -15.990494 -0.004518 -0.297854 -0.140485 1.486139 -0.112986 -0.025578 -0.133887 -0.667199 -1.200571 
170		0.020000	0	2	0.200000		0 0 0 0 0 0 0 0 0 0 0 0 0 0 0 0 0 0 0 0 0 0 0 0 0 0 0 0 0 0 0 0 0 0 0 0 0 0 0 0 0 0 2 0 0 0 0 0 0 0 0 0 0 0 0 0 0 0 0 0 0 0 0 0 0 0 0 0 0 0 0 0 0 0 0 0 0 0 0 0 0 0 0 0 0 0 0 0 0 0 0 0 0 0 0 0 0 0 0 0 	# -3.910671 -0.004650 -0.035643 0.009295 0.148142 -0.617872 -0.004318 0.005638 5.907961 6.749125 
171		1.020000	0	6	1.091565		3 2 1 1 2 2 0 1 2 2 2 1 1 3 0 2 1 0 0 2 0 0 1 1 2 3 2 1 0 1 2 0 2 1 2 2 0 0 1 0 0 2 0 0 0 1 1 1 0 0 0 0 2 0 1 0 3 0 2 1 1 0 3 0 0 2 1 0 1 0 1 2 4 1 0 1 1 0 1 1 1 0 0 0 0 0 0 0 2 0 0 2 1 3 1 1 6 0 1 1 	# -16.374664 0.000309 -0.302395 -0.142417 1.481542 -0.234536 -0.022176 -0.135148 0.511241 -0.019382 
172		0.000000	0	0	0.000000		0 0 0 0 0 0 0 0 0 0 0 0 0 0 0 0 0 0 0 0 0 0 0 0 0 0 0 0 0 0 0 0 0 0 0 0 0 0 0 0 0 0 0 0 0 0 0 0 0 0 0 0 0 0 0 0 0 0 0 0 0 0 0 0 0 0 0 0 0 0 0 0 0 0 0 0 0 0 0 0 0 0 0 0 0 0 0 0 0 0 0 0 0 0 0 0 0 0 0 0 	# -5.394184 -0.006292 -0.034909 0.009596 0.148351 -0.990919 -0.005634 0.005916 9.645477 10.486702 
173		1.230000	0	6	1.293769		1 1 0 3 3 1 0 1 2 0 2 0 1 1 1 0 0 1 0 3 0 1 0 0 3 1 1 1 1 3 1 2 1 2 0 1 1 1 0 0 2 2 0 0 0 1 0 0 0 1 0 2 1 1 1 4 0 3 2 1 1 2 0 1 3 4 0 1 0 1 4 6 2 3 1 0 1 0 5 0 1 0 4 2 0 1 1 3 1 1 0 0 3 0 3 1 0 3 2 0 	# -15.990494 -0.004518 -0.297854 -0.140485 1.486139 -0.112986 -0.025578 -0.133887 -0.667199 -1.200571 
174		0.220000	0	6	0.990663		0 0 0 0 0 0 0 0 0 0 0 0 0 0 0 0 6 0 0 0 0 0 0 0 0 0 2 0 0 0 0 0 0 0 0 0 0 0 0 0 0 0 0 0 0 0 0 0 0 0 0 0 0 0 0 0 0 0 0 0 0 0 0 0 0 6 0 0 0 0 0 0 0 0 0 0 0 0 0 0 0 0 0 4 0 3 0 0 0 0 0 1 0 0 0 0 0 0 0 0 	# -3.910671 -0.004650 -0.035643 0.009295 0.148142 -0.617872 -0.004318 0.005638 5.907961 6.749125 
175		1.390000	0	7	1.427684		1 1 2 2 3 0 0 2 3 0 4 1 3 3 2 1 1 1 1 2 0 2 0 0 2 1 1 3 3 3 3 3 0 0 1 1 0 1 1 5 1 2 0 0 2 0 0 1 0 2 2 2 7 0 5 2 2 1 1 0 4 1 0 0 0 2 1 0 0 2 0 0 0 1 1 4 0 0 1 2 0 0 1 0 0 0 1 4 3 0 0 1 1 3 3 1 3 0 4 2 	# -16.374664 0.000309 -0.302395 -0.142417 1.481542 -0.234536 -0.022176 -0.135148 0.511241 -0.019382 
176		0.050000	0	5	0.500000		0 0 0 0 0 0 0 0 0 0 0 0 0 0 0 0 0 0 0 0 0 0 0 0 0 0 0 0 0 0 0 0 0 0 0 0 0 0 0 0 0 0 0 0 0 0 0 0 0 0 0 0 0 0 0 0 0 0 0 0 0 0 0 0 0 0 0 0 0 0 0 0 0 0 0 0 0 0 0 0 0 0 0 0 5 0 0 0 0 0 0 0 0 0 0 0 0 0 0 0 	# -5.394184 -0.006292 -0.034909 0.009596 0.148351 -0.990919 -0.005634 0.005916 9.645477 10.486702 
177		1.330000	0	7	1.421729		1 0 2 2 5 1 1 0 5 7 0 0 0 2 0 2 2 2 0 0 0 1 1 0 2 0 4 0 1 1 1 1 0 1 5 3 3 0 1 0 0 1 3 2 1 3 0 1 3 0 0 0 0 2 0 0 5 1 2 1 0 3 1 1 1 1 2 3 0 2 1 2 3 2 1 0 3 0 1 2 1 0 0 3 0 2 1 1 0 0 0 1 4 2 1 2 2 1 1 0 	# -15.990494 -0.004518 -0.297854 -0.140485 1.486139 -0.112986 -0.025578 -0.133887 -0.667199 -1.200571 
178		0.120000	0	4	0.590839		0 3 0 0 0 0 0 1 0 0 0 0 0 0 0 0 0 0 0 0 0 0 1 0 0 0 0 0 0 0 0 0 0 0 0 0 0 0 0 0 0 0 0 0 0 0 0 0 0 0 0 0 4 0 0 0 0 0 0 0 0 0 0 0 0 0 0 0 0 0 0 0 0 0 0 0 0 0 3 0 0 0 0 0 0 0 0 0 0 0 0 0 0 0 0 0 0 0 0 0 	# -3.910671 -0.004650 -0.035643 0.009295 0.148142 -0.617872 -0.004318 0.005638 5.907961 6.749125 
179		1.180000	0	6	1.297861		0 1 1 0 1 2 0 1 2 3 2 3 5 0 0 1 5 0 0 1 1 1 1 3 0 0 0 3 3 0 1 3 2 1 2 0 0 0 1 1 0 0 1 1 2 0 0 0 1 1 6 2 0 2 2 1 2 0 2 2 2 1 1 1 0 0 1 1 0 2 0 0 0 1 0 0 1 1 0 2 0 0 2 1 1 1 2 3 1 1 0 0 0 5 1 2 5 1 1 1 	# -16.374664 0.000309 -0.302395 -0.142417 1.481542 -0.234536 -0.022176 -0.135148 0.511241 -0.019382 
180		0.000000	0	0	0.000000		0 0 0 0 0 0 0 0 0 0 0 0 0 0 0 0 0 0 0 0 0 0 0 0 0 0 0 0 0 0 0 0 0 0 0 0 0 0 0 0 0 0 0 0 0 0 0 0 0 0 0 0 0 0 0 0 0 0 0 0 0 0 0 0 0 0 0 0 0 0 0 0 0 0 0 0 0 0 0 0 0 0 0 0 0 0 0 0 0 0 0 0 0 0 0 0 0 0 0 0 	# -5.394184 -0.006292 -0.034909 0.009596 0.148351 -0.990919 -0.005634 0.005916 9.645477 10.486702 
181		1.200000	0	4	1.163415		1 0 0 1 4 1 0 2 0 4 2 2 0 1 1 1 1 1 3 3 0 0 0 2 0 0 0 0 2 0 2 1 2 1 0 2 3 0 2 2 2 4 1 2 1 1 1 2 1 1 1 0 2 0 0 0 4 2 0 1 0 0 1 0 1 0 2 3 3 1 1 3 1 3 3 2 0 1 0 4 2 3 0 2 0 2 1 2 0 0 1 1 1 0 0 0 1 2 0 0 	# -15.990494 -0.004518 -0.297854 -0.140485 1.486139 -0.112986 -0.025578 -0.133887 -0.667199 -1.200571 
182		0.040000	0	3	0.315268		0 0 0 0 0 0 0 0 0 0 0 0 0 0 0 3 0 0 0 0 0 0 0 0 0 0 0 0 0 0 0 0 0 0 0 0 0 0 0 0 0 0 0 0 0 0 0 0 0 0 0 0 0 0 0 0 0 0 0 0 0 0 0 0 0 0 0 0 0 0 0 0 0 0 0 0 1 0 0 0 0 0 0 0 0 0 0 0 0 0 0 0 0 0 0 0 0 0 0 0 	# -3.910671 -0.004650 -0.035643 0.009295 0.148142 -0.617872 -0.004318 0.005638 5.907961 6.749125 
183		1.070000	0	5	1.156929		0 0 4 2 2 1 2 1 1 1 1 0 0 1 3 1 0 2 0 0 3 5 2 1 1 0 0 2 0 0 0 0 1 0 1 1 1 0 3 1 0 0 0 2 1 1 0 3 3 0 0 1 0 0 1 2 2 1 1 0 0 2 0 0 1 1 0 0 2 2 3 1 1 0 2 2 1 1 4 0 0 1 5 0 1 2 1 0 2 3 1 0 0 1 1 0 1 1 0 2 	# -16.374664 0.000309 -0.302395 -0.142417 1.481542 -0.234536 -0.022176 -0.135148 0.511241 -0.019382 
184		0.030000	0	1	0.171447		0 0 0 0 0 0 0 0 0 0 0 0 0 0 0 0 0 0 0 0 0 0 0 0 0 0 0 0 0 0 0 0 0 0 0 0 0 0 0 0 0 0 0 0 0 0 1 0 0 0 1 0 0 0 0 0 0 0 0 0 0 0 0 0 0 0 0 0 0 0 0 0 0 0 1 0 0 0 0 0 0 0 0 0 0 0 0 0 0 0 0 0 0 0 0 0 0 0 0 0 	# -5.394184 -0.006292 -0.034909 0.009596 0.148351 -0.990919 -0.005634 0.005916 9.645477 10.486702 
185		1.320000	0	6	1.339983		1 1 3 1 4 0 0 0 1 1 1 1 1 1 2 4 0 0 2 1 0 1 0 2 0 6 2 0 4 0 1 2 5 1 2 1 1 2 2 2 0 1 0 1 1 0 0 0 1 1 0 1 0 1 0 1 0 4 3 3 0 1 1 2 2 0 1 2 1 3 2 0 2 1 3 0 2 0 0 2 1 1 0 6 1 1 0 2 0 3 3 2 1 2 4 0 1 1 1 0 	# -15.990494 -0.004518 -0.297854 -0.140485 1.486139 -0.112986 -0.025578 -0.133887 -0.667199 -1.200571 
186		0.010000	0	1	0.100000		0 0 0 0 0 0 0 0 0 0 0 0 0 0 0 0 0 0 0 0 0 0 0 0 0 0 0 0 0 0 0 0 0 0 0 0 0 0 0 0 0 0 0 0 0 0 0 0 0 0 0 0 0 0 0 0 1 0 0 0 0 0 0 0 0 0 0 0 0 0 0 0 0 0 0 0 0 0 0 0 0 0 0 0 0 0 0 0 0 0 0 0 0 0 0 0 0 0 0 0 	# -3.910671 -0.004650 -0.035643 0.009295 0.148142 -0.617872 -0.004318 0.005638 5.907961 6.749125 
187		1.280000	0	7	1.436044		2 2 0 2 0 4 0 1 0 3 2 1 1 1 1 3 1 6 1 0 0 0 3 3 2 1 2 0 0 1 4 0 1 0 0 0 3 0 2 1 1 1 2 2 0 0 0 0 0 0 1 1 1 4 1 1 0 2 1 2 1 0 4 0 0 2 1 1 3 0 3 1 7 2 0 0 0 1 0 1 3 0 0 2 0 1 2 2 2 1 4 1 0 0 0 5 0 0 1 3 	# -16.374664 0.000309 -0.302395 -0.142417 1.481542 -0.234536 -0.022176 -0.135148 0.511241 -0.019382 
188		0.040000	0	3	0.315268		0 0 0 0 0 0 0 0 0 0 0 0 0 0 0 0 0 0 0 0 3 0 0 0 0 0 0 0 0 1 0 0 0 0 0 0 0 0 0 0 0 0 0 0 0 0 0 0 0 0 0 0 0 0 0 0 0 0 0 0 0 0 0 0 0 0 0 0 0 0 0 0 0 0 0 0 0 0 0 0 0 0 0 0 0 0 0 0 0 0 0 0 0 0 0 0 0 0 0 0 	# -5.394184 -0.006292 -0.034909 0.009596 0.148351 -0.990919 -0.005634 0.005916 9.645477 10.486702 
189		1.070000	0	7	1.182832		1 0 2 2 0 1 2 2 1 1 0 0 0 0 2 0 1 2 3 0 2 1 0 0 2 0 0 1 1 1 2 2 0 1 1 2 3 4 0 1 3 0 0 1 0 2 0 3 1 1 2 0 0 1 1 0 1 0 0 2 1 0 0 0 1 2 0 2 0 0 0 2 1 2 0 5 1 0 2 1 0 2 1 7 0 1 0 2 0 1 0 0 2 2 1 1 1 1 2 1 	# -15.990494 -0.004518 -0.297854 -0.140485 1.486139 -0.112986 -0.025578 -0.133887 -0.667199 -1.200571 
190		0.120000	0	7	0.769100		0 0 0 0 0 0 0 0 0 0 0 0 0 0 0 0 0 0 0 0 0 0 7 0 0 0 0 0 0 0 0 0 0 0 0 0 0 0 0 0 0 0 0 0 0 0 0 0 0 0 0 0 0 0 0 0 0 0 1 0 0 0 0 0 0 0 0 0 0 0 0 0 0 0 0 1 0 0 3 0 0 0 0 0 0 0 0 0 0 0 0 0 0 0 0 0 0 0 0 0 	# -3.910671 -0.004650 -0.035643 0.009295 0.148142 -0.617872 -0.004318 0.005638 5.907961 6.749125 
191		1.340000	0	6	1.312104		4 0 0 3 2 1 3 1 2 2 0 1 2 0 0 0 4 1 1 1 2 0 1 1 0 2 1 0 1 1 2 1 1 2 0 3 3 1 3 0 1 1 2 1 3 2 0 1 2 2 2 0 2 1 2 0 0 1 1 0 3 5 0 0 0 0 0 0 1 4 0 0 0 0 6 4 2 2 1 1 4 1 1 0 4 1 0 3 2 0 2 1 1 0 2 2 0 2 0 2 	# -16.374664 0.000309 -0.302395 -0.142417 1.481542 -0.234536 -0.022176 -0.135148 0.511241 -0.019382 
192		0.060000	0	4	0.422116		0 4 0 0 0 0 0 0 0 0 0 0 0 0 0 0 0 0 0 0 0 0 0 0 0 0 0 0 0 0 0 0 0 0 0 0 0 0 0 0 0 0 0 0 0 0 1 0 0 0 0 0 0 0 0 0 0 1 0 0 0 0 0 0 0 0 0 0 0 0 0 0 0 0 0 0 0 0 0 0 0 0 0 0 0 0 0 0 0 0 0 0 0 0 0 0 0 0 0 0 	# -5.394184 -0.006292 -0.034909 0.009596 0.148351 -0.990919 -0.005634 0.005916 9.645477 10.486702 
193		1.240000	0	7	1.415070		1 1 3 1 2 0 1 3 0 3 0 1 1 1 1 1 1 1 1 0 0 0 4 0 5 1 0 2 0 3 1 0 0 0 0 2 0 1 1 2 1 2 1 0 3 0 3 0 1 0 0 1 1 0 1 1 4 2 4 2 1 0 3 1 1 3 7 1 1 1 0 1 0 2 2 1 1 3 0 1 1 0 0 4 1 0 2 2 6 0 4 0 1 0 0 0 1 0 0 0 	# -15.990494 -0.004518 -0.297854 -0.140485 1.486139 -0.112986 -0.025578 -0.133887 -0.667199 -1.200571 
194		0.130000	0	5	0.760847		0 5 0 0 0 0 0 0 0 0 0 0 0 0 0 0 0 0 0 0 0 0 0 0 0 0 0 5 3 0 0 0 0 0 0 0 0 0 0 0 0 0 0 0 0 0 0 0 0 0 0 0 0 0 0 0 0 0 0 0 0 0 0 0 0 0 0 0 0 0 0 0 0 0 0 0 0 0 0 0 0 0 0 0 0 0 0 0 0 0 0 0 0 0 0 0 0 0 0 0 	# -3.910671 -0.004650 -0.035643 0.009295 0.148142 -0.617872 -0.004318 0.005638 5.907961 6.749125 
195		1.220000	0	5	1.259950		1 0 1 1 1 0 2 1 1 0 0 3 4 0 3 2 3 2 1 2 2 2 2 4 0 0 0 0 2 0 3 1 2 0 3 0 0 1 1 0 0 1 0 5 0 2 1 4 1 1 1 1 0 0 1 0 1 0 1 2 2 4 3 3 0 0 3 0 1 0 1 0 1 1 2 1 0 2 0 0 1 3 1 3 1 1 0 2 2 2 0 1 0 0 1 0 0 2 0 5 	# -16.374664 0.000309 -0.302395 -0.142417 1.481542 -0.234536 -0.022176 -0.135148 0.511241 -0.019382 
196		0.000000	0	0	0.000000		0 0 0 0 0 0 0 0 0 0 0 0 0 0 0 0 0 0 0 0 0 0 0 0 0 0 0 0 0 0 0 0 0 0 0 0 0 0 0 0 0 0 0 0 0 0 0 0 0 0 0 0 0 0 0 0 0 0 0 0 0 0 0 0 0 0 0 0 0 0 0 0 0 0 0 0 0 0 0 0 0 0 0 0 0 0 0 0 0 0 0 0 0 0 0 0 0 0 0 0 	# -5.394184 -0.006292 -0.034909 0.009596 0.148351 -0.990919 -0.005634 0.005916 9.645477 10.486702 
197		1.180000	0	5	1.328628		2 1 1 0 2 0 1 2 0 1 4 5 0 1 3 4 0 0 2 0 1 1 0 0 0 1 0 0 0 5 0 3 1 0 0 0 2 2 2 2 1 2 2 2 0 3 0 1 2 2 0 1 1 0 1 1 0 0 0 0 4 0 0 1 1 3 1 0 2 2 2 2 0 1 1 0 3 0 1 4 0 1 0 4 0 0 0 2 3 1 4 0 0 1 1 0 4 0 0 1 	# -15.990494 -0.004518 -0.297854 -0.140485 1.486139 -0.112986 -0.025578 -0.133887 -0.667199 -1.200571 
198		0.030000	0	2	0.222702		0 0 0 0 0 0 0 0 0 0 0 0 0 0 0 0 0 0 0 1 0 0 0 0 0 0 0 0 0 0 0 0 0 0 0 0 0 0 0 0 0 0 0 0 0 0 0 0 0 0 0 0 0 0 0 0 0 0 0 0 0 0 0 0 0 0 0 0 0 0 0 0 0 0 0 0 0 0 0 0 0 0 0 0 0 0 0 0 0 0 0 0 2 0 0 0 0 0 0 0 	# -3.910671 -0.004650 -0.035643 0.009295 0.148142 -0.617872 -0.004318 0.005638 5.907961 6.749125 
199		1.390000	0	8	1.476380		0 2 8 1 2 3 3 1 0 0 1 1 0 3 3 1 0 2 4 2 1 3 0 2 0 3 1 2 5 0 3 2 1 0 3 2 0 1 0 0 0 0 2 4 1 2 0 0 1 1 0 1 3 3 1 0 2 0 0 2 0 1 0 0 2 0 1 1 1 0 1 0 0 1 2 2 0 0 5 5 1 0 3 1 3 0 0 0 2 4 1 3 2 1 1 1 1 3 0 1 	# -16.374664 0.000309 -0.302395 -0.142417 1.481542 -0.234536 -0.022176 -0.135148 0.511241 -0.019382 
200		0.050000	0	2	0.297294		0 0 0 0 0 0 0 0 0 0 0 0 0 0 0 0 0 0 0 0 0 0 0 0 0 0 0 0 0 0 0 0 0 0 0 0 0 0 0 0 0 0 0 0 0 0 2 0 0 0 0 0 0 0 0 0 0 0 0 0 0 0 0 0 0 0 0 0 0 0 0 0 0 0 2 0 0 0 0 0 0 0 0 0 0 0 0 0 0 0 1 0 0 0 0 0 0 0 0 0 	# -5.394184 -0.006292 -0.034909 0.009596 0.148351 -0.990919 -0.005634 0.005916 9.645477 10.486702 
201		1.330000	0	6	1.407448		0 1 1 6 5 2 0 2 0 0 2 0 1 3 2 2 2 0 1 1 0 0 3 1 1 0 0 1 1 2 1 0 5 1 0 3 0 5 2 2 3 0 1 0 0 0 4 0 2 0 1 1 0 0 2 1 1 4 1 0 0 1 3 2 0 2 0 0 0 2 1 1 1 0 4 1 1 3 2 3 0 3 1 1 0 0 4 2 2 0 0 1 2 0 3 4 1 0 1 1 	# -15.990494 -0.004518 -0.297854 -0.140485 1.486139 -0.112986 -0.025578 -0.133887 -0.667199 -1.200571 
202		0.140000	0	8	0.899158		0 0 0 0 0 0 0 0 8 0 0 0 0 0 0 0 0 0 0 0 0 0 0 0 0 0 0 0 0 0 0 0 0 0 0 0 0 0 0 0 0 0 0 0 0 0 0 0 0 3 0 0 0 0 0 0 0 0 0 0 0 0 0 0 0 0 0 0 0 0 0 0 0 0 0 0 0 3 0 0 0 0 0 0 0 0 0 0 0 0 0 0 0 0 0 0 0 0 0 0 	# -3.910671 -0.004650 -0.035643 0.009295 0.148142 -0.617872 -0.004318 0.005638 5.907961 6.749125 
203		1.320000	0	7	1.420485		1 0 0 0 3 1 1 1 0 3 1 1 2 3 1 0 4 0 3 1 0 2 5 0 2 0 0 3 1 1 0 1 3 1 3 1 1 0 3 2 0 1 2 2 0 0 1 0 1 0 1 0 1 0 3 0 0 0 0 0 0 2 1 1 0 0 1 0 2 3 0 2 1 2 2 1 2 3 0 0 5 1 0 3 3 0 1 2 0 1 2 2 0 2 1 3 0 5 4 7 	# -16.374664 0.000309 -0.302395 -0.142417 1.481542 -0.234536 -0.022176 -0.135148 0.511241 -0.019382 
204		0.040000	0	3	0.315268		0 0 0 0 0 0 0 0 0 0 0 0 0 0 0 0 0 0 0 0 0 0 0 0 0 0 0 0 0 0 1 0 0 0 0 0 0 0 0 0 0 0 0 0 0 0 0 0 0 0 0 0 0 3 0 0 0 0 0 0 0 0 0 0 0 0 0 0 0 0 0 0 0 0 0 0 0 0 0 0 0 0 0 0 0 0 0 0 0 0 0 0 0 0 0 0 0 0 0 0 	# -5.394184 -0.006292 -0.034909 0.009596 0.148351 -0.990919 -0.005634 0.005916 9.645477 10.486702 
205		1.660000	0	8	1.498956		2 1 1 0 1 4 1 0 2 3 1 3 1 5 0 2 0 2 1 4 4 0 2 3 2 0 1 3 2 5 2 4 0 1 1 1 2 3 1 1 4 4 2 1 0 1 1 3 0 0 1 1 1 2 3 3 1 3 1 0 3 1 4 1 2 0 4 0 0 3 1 1 2 1 1 1 2 2 1 5 0 1 0 8 0 0 1 0 2 0 2 0 2 2 0 2 2 4 1 0 	# -15.990494 -0.004518 -0.297854 -0.140485 1.486139 -0.112986 -0.025578 -0.133887 -0.667199 -1.200571 
206		0.050000	0	4	0.411329		0 0 0 0 0 0 0 0 0 0 0 0 0 0 1 0 0 0 0 0 0 0 0 0 0 0 0 0 0 0 0 4 0 0 0 0 0 0 0 0 0 0 0 0 0 0 0 0 0 0 0 0 0 0 0 0 0 0 0 0 0 0 0 0 0 0 0 0 0 0 0 0 0 0 0 0 0 0 0 0 0 0 0 0 0 0 0 0 0 0 0 0 0 0 0 0 0 0 0 0 	# -3.910671 -0.004650 -0.035643 0.009295 0.148142 -0.617872 -0.004318 0.005638 5.907961 6.749125 
207		1.270000	0	6	1.332234		1 0 3 0 4 1 1 1 0 0 3 2 4 1 3 1 0 0 0 2 0 0 1 1 2 0 0 1 5 3 2 1 0 2 2 0 2 1 0 4 2 1 1 0 1 2 2 1 3 0 0 5 0 0 1 6 0 1 2 1 0 1 1 1 2 1 1 1 4 2 1 2 0 1 0 2 0 3 0 0 0 1 1 1 0 1 0 1 2 3 2 0 1 0 2 0 4 0 0 2 	# -16.374664 0.000309 -0.302395 -0.142417 1.481542 -0.234536 -0.022176 -0.135148 0.511241 -0.019382 
208		0.040000	0	4	0.400000		0 0 0 4 0 0 0 0 0 0 0 0 0 0 0 0 0 0 0 0 0 0 0 0 0 0 0 0 0 0 0 0 0 0 0 0 0 0 0 0 0 0 0 0 0 0 0 0 0 0 0 0 0 0 0 0 0 0 0 0 0 0 0 0 0 0 0 0 0 0 0 0 0 0 0 0 0 0 0 0 0 0 0 0 0 0 0 0 0 0 0 0 0 0 0 0 0 0 0 0 	# -5.394184 -0.006292 -0.034909 0.009596 0.148351 -0.990919 -0.005634 0.005916 9.645477 10.486702 
209		1.220000	0	5	1.251908		0 0 3 3 1 1 2 5 2 2 2 3 1 3 1 1 1 0 1 0 3 0 1 1 0 1 1 1 1 4 2 2 1 2 5 1 0 1 3 0 1 1 0 1 1 0 0 0 1 0 0 0 1 1 1 1 2 2 0 0 1 1 4 0 0 1 1 0 5 0 0 2 0 2 3 0 3 1 1 0 0 1 3 0 0 3 0 0 1 2 0 0 3 2 2 2 2 0 1 0 	# -15.990494 -0.004518 -0.297854 -0.140485 1.486139 -0.112986 -0.025578 -0.133887 -0.667199 -1.200571 
210		0.060000	0	4	0.422116		0 0 0 0 0 0 0 0 0 0 0 0 0 0 0 0 0 0 0 0 0 0 0 0 0 0 0 0 0 0 0 0 0 0 0 0 0 0 0 0 0 0 0 0 0 0 0 0 0 0 0 0 0 0 0 0 0 0 0 0 0 0 0 0 0 0 0 0 0 0 0 1 0 0 0 0 0 0 0 0 0 0 0 0 0 0 0 4 1 0 0 0 0 0 0 0 0 0 0 0 	# -3.910671 -0.004650 -0.035643 0.009295 0.148142 -0.617872 -0.004318 0.005638 5.907961 6.749125 
211		1.320000	0	5	1.153650		3 1 3 0 0 1 1 2 3 0 1 1 3 1 1 0 1 1 2 1 1 0 0 2 4 0 1 3 1 0 2 2 1 3 2 0 1 4 2 1 1 1 4 0 2 4 1 1 1 1 2 0 5 0 1 3 1 1 0 2 1 1 0 0 2 1 1 3 1 3 1 2 0 1 1 1 2 1 2 3 1 1 0 1 1 4 1 0 1 2 2 0 0 1 0 0 1 2 0 0 	# -16.374664 0.000309 -0.302395 -0.142417 1.481542 -0.234536 -0.022176 -0.135148 0.511241 -0.019382 
212		0.000000	0	0	0.000000		0 0 0 0 0 0 0 0 0 0 0 0 0 0 0 0 0 0 0 0 0 0 0 0 0 0 0 0 0 0 0 0 0 0 0 0 0 0 0 0 0 0 0 0 0 0 0 0 0 0 0 0 0 0 0 0 0 0 0 0 0 0 0 0 0 0 0 0 0 0 0 0 0 0 0 0 0 0 0 0 0 0 0 0 0 0 0 0 0 0 0 0 0 0 0 0 0 0 0 0 	# -5.394184 -0.006292 -0.034909 0.009596 0.148351 -0.990919 -0.005634 0.005916 9.645477 10.486702 
213		1.330000	0	7	1.303104		3 0 2 1 0 0 2 1 2 3 1 1 1 1 2 3 1 0 1 2 0 4 0 0 0 0 3 0 2 2 2 1 2 1 0 1 3 0 3 0 0 0 7 1 1 2 0 0 3 1 1 1 1 0 1 0 0 3 1 0 0 1 1 2 0 2 1 1 4 1 3 0 3 2 0 1 2 3 3 0 3 1 2 0 1 0 1 0 0 3 5 2 2 2 2 0 0 2 1 2 	# -15.990494 -0.004518 -0.297854 -0.140485 1.486139 -0.112986 -0.025578 -0.133887 -0.667199 -1.200571 
214		0.060000	0	5	0.508911		0 0 0 0 0 0 5 0 0 0 0 0 0 0 0 0 0 0 0 0 0 0 0 0 0 0 0 0 0 0 0 0 0 0 0 0 0 0 0 0 0 0 0 0 0 0 0 0 0 0 0 1 0 0 0 0 0 0 0 0 0 0 0 0 0 0 0 0 0 0 0 0 0 0 0 0 0 0 0 0 0 0 0 0 0 0 0 0 0 0 0 0 0 0 0 0 0 0 0 0 	# -3.910671 -0.004650 -0.035643 0.009295 0.148142 -0.617872 -0.004318 0.005638 5.907961 6.749125 
215		1.580000	0	8	1.538594		2 1 0 0 3 1 1 3 4 2 0 0 1 1 0 1 0 3 2 2 1 1 5 0 1 1 0 1 1 1 1 2 2 1 4 2 2 1 0 1 1 2 1 0 4 3 0 2 0 0 2 3 2 2 1 0 1 2 3 1 1 2 2 1 4 2 0 0 0 0 5 6 1 5 2 2 0 0 5 1 1 8 2 2 3 2 0 0 1 2 0 3 1 3 0 0 4 1 1 0 	# -16.374664 0.000309 -0.302395 -0.142417 1.481542 -0.234536 -0.022176 -0.135148 0.511241 -0.019382 
216		0.110000	0	5	0.601261		0 0 0 0 0 2 0 2 0 0 0 0 0 0 0 0 0 0 0 0 0 0 0 0 0 0 0 0 0 0 5 0 0 0 2 0 0 0 0 0 0 0 0 0 0 0 0 0 0 0 0 0 0 0 0 0 0 0 0 0 0 0 0 0 0 0 0 0 0 0 0 0 0 0 0 0 0 0 0 0 0 0 0 0 0 0 0 0 0 0 0 0 0 0 0 0 0 0 0 0 	# -5.394184 -0.006292 -0.034909 0.009596 0.148351 -0.990919 -0.005634 0.005916 9.645477 10.486702 
217		1.270000	0	5	1.179411		0 1 1 2 0 0 2 3 2 5 1 2 1 1 1 2 1 0 2 1 1 2 1 3 4 1 2 0 1 0 0 1 2 1 0 0 1 0 0 0 0 0 2 0 1 1 1 2 2 1 0 4 1 3 1 0 2 3 1 0 2 1 5 1 2 2 1 4 0 1 3 0 2 0 1 1 1 2 0 1 2 1 0 3 2 1 3 0 0 0 1 1 1 0 0 2 1 1 4 1 	# -15.990494 -0.004518 -0.297854 -0.140485 1.486139 -0.112986 -0.025578 -0.133887 -0.667199 -1.200571 
218		0.000000	0	0	0.000000		0 0 0 0 0 0 0 0 0 0 0 0 0 0 0 0 0 0 0 0 0 0 0 0 0 0 0 0 0 0 0 0 0 0 0 0 0 0 0 0 0 0 0 0 0 0 0 0 0 0 0 0 0 0 0 0 0 0 0 0 0 0 0 0 0 0 0 0 0 0 0 0 0 0 0 0 0 0 0 0 0 0 0 0 0 0 0 0 0 0 0 0 0 0 0 0 0 0 0 0 	# -3.910671 -0.004650 -0.035643 0.009295 0.148142 -0.617872 -0.004318 0.005638 5.907961 6.749125 
219		1.370000	0	6	1.268539		3 3 0 1 1 4 2 0 1 1 2 0 3 1 0 4 0 2 1 5 5 1 0 3 0 1 1 0 6 2 0 2 4 1 0 1 2 0 1 1 3 0 0 2 1 1 2 3 0 2 0 2 0 1 1 0 1 1 0 2 0 0 0 0 2 2 1 2 2 1 1 2 0 1 1 2 1 0 1 1 1 2 1 0 1 2 1 2 1 3 1 2 0 3 2 1 3 3 1 0 	# -16.374664 0.000309 -0.302395 -0.142417 1.481542 -0.234536 -0.022176 -0.135148 0.511241 -0.019382 
220		0.050000	0	3	0.329524		0 0 0 0 0 0 0 0 0 0 0 0 0 0 1 0 0 0 0 0 0 0 0 0 0 0 0 0 0 0 0 0 0 0 0 0 0 0 0 0 0 0 3 0 0 0 0 0 0 0 0 0 0 0 0 0 0 1 0 0 0 0 0 0 0 0 0 0 0 0 0 0 0 0 0 0 0 0 0 0 0 0 0 0 0 0 0 0 0 0 0 0 0 0 0 0 0 0 0 0 	# -5.394184 -0.006292 -0.034909 0.009596 0.148351 -0.990919 -0.005634 0.005916 9.645477 10.486702 
221		1.340000	0	7	1.464875		0 1 0 1 1 2 0 1 0 0 2 2 0 0 1 2 0 2 1 3 2 0 4 1 2 2 0 0 2 1 0 0 1 0 0 0 2 0 1 0 4 0 1 2 6 1 0 2 1 0 2 0 1 1 3 1 3 3 3 1 0 1 1 0 2 5 3 2 0 1 1 0 0 4 4 4 1 2 2 1 0 3 5 1 0 2 0 0 0 7 0 1 1 3 1 2 1 0 1 0 	# -15.990494 -0.004518 -0.297854 -0.140485 1.486139 -0.112986 -0.025578 -0.133887 -0.667199 -1.200571 
222		0.010000	0	1	0.100000		0 0 0 0 0 0 0 0 0 0 0 0 0 0 0 0 0 0 0 0 0 0 0 0 0 0 0 0 0 0 0 0 0 0 0 0 0 0 0 0 0 0 0 0 0 0 0 0 0 0 0 0 0 0 0 0 0 0 0 0 0 0 0 0 0 0 0 0 0 0 0 0 0 0 0 0 0 0 0 0 0 0 0 0 0 0 0 0 0 0 0 1 0 0 0 0 0 0 0 0 	# -3.910671 -0.004650 -0.035643 0.009295 0.148142 -0.617872 -0.004318 0.005638 5.907961 6.749125 
223		1.500000	0	6	1.388990		0 0 0 3 0 2 0 1 2 2 4 4 0 0 1 1 1 1 1 0 3 1 1 2 1 1 0 1 2 2 1 1 3 3 2 3 0 3 0 1 0 0 3 3 2 1 2 4 1 1 2 0 3 0 4 1 0 2 2 1 0 0 1 2 2 1 0 5 0 2 1 2 0 2 2 3 0 1 6 4 1 1 3 2 3 0 2 1 2 0 6 0 4 1 1 1 0 1 0 1 	# -16.374664 0.000309 -0.302395 -0.142417 1.481542 -0.234536 -0.022176 -0.135148 0.511241 -0.019382 
224		0.090000	0	4	0.514340		0 0 0 0 0 0 0 3 0 0 0 0 0 0 0 0 0 0 4 0 0 0 0 0 0 0 0 0 0 0 0 0 0 0 0 0 0 0 0 0 1 0 0 0 0 0 0 0 0 0 0 0 0 0 0 0 0 0 0 0 0 1 0 0 0 0 0 0 0 0 0 0 0 0 0 0 0 0 0 0 0 0 0 0 0 0 0 0 0 0 0 0 0 0 0 0 0 0 0 0 	# -5.394184 -0.006292 -0.034909 0.009596 0.148351 -0.990919 -0.005634 0.005916 9.645477 10.486702 
225		1.290000	0	6	1.312681		1 0 0 4 2 1 2 0 0 0 0 2 1 4 1 2 3 1 1 6 3 1 0 2 1 3 2 2 2 1 0 0 2 1 0 2 1 0 1 1 3 1 0 1 0 1 2 2 1 1 1 0 1 0 2 1 0 0 1 2 0 1 1 3 0 1 0 2 1 0 2 0 0 1 0 2 0 0 3 1 6 3 0 0 1 1 1 2 1 0 2 2 2 6 1 2 0 2 0 3 	# -15.990494 -0.004518 -0.297854 -0.140485 1.486139 -0.112986 -0.025578 -0.133887 -0.667199 -1.200571 
226		0.040000	0	2	0.242878		0 0 0 0 0 0 0 0 0 0 0 0 0 2 0 0 0 0 0 0 0 0 1 0 0 0 0 0 0 0 0 0 0 0 0 0 0 0 0 0 0 0 1 0 0 0 0 0 0 0 0 0 0 0 0 0 0 0 0 0 0 0 0 0 0 0 0 0 0 0 0 0 0 0 0 0 0 0 0 0 0 0 0 0 0 0 0 0 0 0 0 0 0 0 0 0 0 0 0 0 	# -3.910671 -0.004650 -0.035643 0.009295 0.148142 -0.617872 -0.004318 0.005638 5.907961 6.749125 
227		1.480000	0	6	1.396098		0 3 1 4 0 3 1 3 1 4 1 2 1 0 0 1 1 6 4 2 2 1 1 3 1 0 1 0 1 1 0 1 2 2 2 1 3 0 1 2 5 0 0 1 1 3 2 1 0 0 1 0 1 1 3 1 2 3 0 0 2 3 3 0 1 3 1 5 2 1 3 2 1 0 3 1 1 1 1 2 5 1 0 0 1 3 0 5 3 0 2 0 1 1 1 0 0 1 0 0 	# -16.374664 0.000309 -0.302395 -0.142417 1.481542 -0.234536 -0.022176 -0.135148 0.511241 -0.019382 
228		0.100000	0	4	0.541229		0 0 0 0 0 0 0 0 0 0 0 0 0 0 0 0 0 0 0 0 0 0 0 0 0 0 0 0 0 0 0 0 0 0 0 0 0 0 0 0 4 0 0 0 0 0 0 0 0 0 0 0 0 0 0 0 0 0 0 0 0 0 0 0 0 0 0 0 0 0 0 0 0 0 0 0 0 0 0 1 0 0 0 0 0 0 0 0 0 0 0 0 2 0 0 0 3 0 0 0 	# -5.394184 -0.006292 -0.034909 0.009596 0.148351 -0.990919 -0.005634 0.005916 9.645477 10.486702 
229		1.250000	0	5	1.358661		0 2 0 4 1 0 3 1 0 1 5 3 0 5 2 2 0 4 1 1 2 1 3 2 2 0 1 0 2 0 0 4 1 3 1 0 0 0 2 1 0 1 1 0 2 0 2 3 0 0 1 1 0 0 0 4 0 3 3 1 0 1 0 1 0 1 1 5 1 1 1 0 1 1 1 0 0 1 2 2 0 0 1 1 2 4 0 1 0 0 1 4 0 0 3 0 1 2 3 0 	# -15.990494 -0.004518 -0.297854 -0.140485 1.486139 -0.112986 -0.025578 -0.133887 -0.667199 -1.200571 
230		0.020000	0	1	0.140705		0 0 0 0 0 1 0 0 0 0 0 0 0 0 0 0 0 0 0 1 0 0 0 0 0 0 0 0 0 0 0 0 0 0 0 0 0 0 0 0 0 0 0 0 0 0 0 0 0 0 0 0 0 0 0 0 0 0 0 0 0 0 0 0 0 0 0 0 0 0 0 0 0 0 0 0 0 0 0 0 0 0 0 0 0 0 0 0 0 0 0 0 0 0 0 0 0 0 0 0 	# -3.910671 -0.004650 -0.035643 0.009295 0.148142 -0.617872 -0.004318 0.005638 5.907961 6.749125 
231		1.150000	0	8	1.320965		2 1 2 1 0 1 0 0 3 4 0 2 0 1 0 0 0 0 2 0 0 0 0 1 1 1 0 1 2 1 1 6 1 2 2 2 2 0 1 1 2 3 0 0 1 0 0 2 8 2 1 5 0 0 1 0 2 1 1 1 2 0 1 2 1 1 1 4 2 0 0 1 1 0 1 1 1 0 1 0 0 0 0 2 1 2 1 2 1 1 2 1 2 0 3 1 1 1 0 0 	# -16.374664 0.000309 -0.302395 -0.142417 1.481542 -0.234536 -0.022176 -0.135148 0.511241 -0.019382 
232		0.010000	0	1	0.100000		0 0 0 0 0 0 0 0 0 0 0 0 0 0 0 0 0 0 0 0 0 0 0 0 0 0 0 0 0 0 0 0 0 0 0 0 0 0 0 0 0 0 0 0 0 0 0 0 0 0 0 0 0 0 0 0 0 0 0 0 0 0 0 0 0 0 0 0 0 0 0 0 0 0 0 0 0 0 0 0 0 0 0 0 0 0 0 0 0 0 0 0 0 1 0 0 0 0 0 0 	# -5.394184 -0.006292 -0.034909 0.009596 0.148351 -0.990919 -0.005634 0.005916 9.645477 10.486702 
233		1.340000	0	5	1.191044		2 0 2 3 1 2 1 0 2 2 0 2 1 1 1 1 1 1 0 1 0 2 0 3 2 1 2 4 0 1 1 2 1 0 2 2 1 0 0 1 3 0 0 2 1 3 5 4 2 0 3 2 1 3 1 2 0 1 3 1 2 0 0 0 0 2 2 2 0 5 0 1 3 1 2 2 1 1 2 0 1 0 1 4 1 1 1 2 2 0 3 3 0 0 0 1 1 1 0 0 	# -15.990494 -0.004518 -0.297854 -0.140485 1.486139 -0.112986 -0.025578 -0.133887 -0.667199 -1.200571 
234		0.000000	0	0	0.000000		0 0 0 0 0 0 0 0 0 0 0 0 0 0 0 0 0 0 0 0 0 0 0 0 0 0 0 0 0 0 0 0 0 0 0 0 0 0 0 0 0 0 0 0 0 0 0 0 0 0 0 0 0 0 0 0 0 0 0 0 0 0 0 0 0 0 0 0 0 0 0 0 0 0 0 0 0 0 0 0 0 0 0 0 0 0 0 0 0 0 0 0 0 0 0 0 0 0 0 0 	# -3.910671 -0.004650 -0.035643 0.009295 0.148142 -0.617872 -0.004318 0.005638 5.907961 6.749125 
235		1.180000	0	5	1.085999		4 1 2 1 2 0 0 0 3 4 0 0 3 0 2 0 1 2 2 2 0 1 1 2 1 1 1 0 1 0 5 1 2 0 0 3 1 2 2 1 0 1 0 2 1 0 0 2 2 2 3 0 1 0 1 0 1 2 3 0 1 3 1 1 0 2 1 1 2 3 0 1 0 1 2 0 1 1 1 0 2 1 0 0 1 1 1 0 1 2 1 1 3 1 1 3 0 0 1 1 	# -16.374664 0.000309 -0.302395 -0.142417 1.481542 -0.234536 -0.022176 -0.135148 0.511241 -0.019382 
236		0.140000	0	4	0.586377		0 0 0 0 0 0 0 0 0 0 0 0 1 0 0 0 0 0 0 0 0 0 0 0 0 0 0 1 0 0 0 0 0 0 0 0 0 0 0 0 0 0 0 0 0 2 0 0 0 0 0 0 0 0 0 0 1 0 0 0 0 0 0 0 0 0 0 0 0 0 0 0 0 0 0 0 0 0 0 0 0 3 0 0 0 0 0 0 0 0 0 0 0 0 4 0 0 0 2 0 	# -5.394184 -0.006292 -0.034909 0.009596 0.148351 -0.990919 -0.005634 0.005916 9.645477 10.486702 
237		1.120000	0	7	1.387389		0 4 0 2 0 1 1 0 2 2 1 0 1 1 3 1 0 1 2 0 1 2 0 0 3 0 0 1 4 0 0 0 1 1 1 1 0 0 1 0 0 3 0 1 5 1 3 0 3 0 0 6 0 1 1 0 0 2 0 3 1 0 0 0 2 1 1 0 1 3 0 0 3 1 1 2 0 1 1 0 1 3 1 1 2 0 1 0 4 1 0 0 0 0 1 7 1 2 0 2 	# -15.990494 -0.004518 -0.297854 -0.140485 1.486139 -0.112986 -0.025578 -0.133887 -0.667199 -1.200571 
238		0.010000	0	1	0.100000		0 0 0 0 0 0 0 0 0 0 0 0 0 0 0 0 0 0 0 0 0 0 0 0 0 0 0 0 0 0 0 0 0 0 0 0 0 0 0 0 0 0 0 0 0 0 0 0 0 0 0 0 0 0 0 0 0 0 0 0 0 0 0 0 0 0 0 0 0 1 0 0 0 0 0 0 0 0 0 0 0 0 0 0 0 0 0 0 0 0 0 0 0 0 0 0 0 0 0 0 	# -3.910671 -0.004650 -0.035643 0.009295 0.148142 -0.617872 -0.004318 0.005638 5.907961 6.749125 
239		1.420000	0	6	1.450740		1 0 1 5 2 2 1 2 0 2 0 2 0 2 6 0 3 1 3 4 1 1 5 5 3 0 0 0 1 2 1 1 0 0 0 0 2 0 0 1 3 0 2 2 2 0 2 0 0 1 1 2 1 3 1 2 2 1 1 0 1 0 2 3 2 4 0 1 0 4 0 0 2 3 0 0 0 1 2 0 1 0 4 0 0 1 3 2 3 2 0 0 2 1 4 1 0 1 5 1 	# -16.374664 0.000309 -0.302395 -0.142417 1.481542 -0.234536 -0.022176 -0.135148 0.511241 -0.019382 
240		0.000000	0	0	0.000000		0 0 0 0 0 0 0 0 0 0 0 0 0 0 0 0 0 0 0 0 0 0 0 0 0 0 0 0 0 0 0 0 0 0 0 0 0 0 0 0 0 0 0 0 0 0 0 0 0 0 0 0 0 0 0 0 0 0 0 0 0 0 0 0 0 0 0 0 0 0 0 0 0 0 0 0 0 0 0 0 0 0 0 0 0 0 0 0 0 0 0 0 0 0 0 0 0 0 0 0 	# -5.394184 -0.006292 -0.034909 0.009596 0.148351 -0.990919 -0.005634 0.005916 9.645477 10.486702 
241		1.120000	0	4	1.103530		0 0 1 1 0 3 3 2 1 3 0 0 0 4 3 0 0 3 1 2 0 1 1 2 2 2 0 1 0 3 1 1 0 0 1 1 0 0 1 4 0 0 0 2 1 3 1 0 1 1 2 1 0 2 0 1 2 0 1 0 1 2 2 0 0 1 2 1 1 1 1 2 0 0 1 1 4 0 4 1 1 2 1 1 3 1 2 3 1 0 1 0 0 0 2 0 1 0 1 1 	# -15.990494 -0.004518 -0.297854 -0.140485 1.486139 -0.112986 -0.025578 -0.133887 -0.667199 -1.200571 
242		0.080000	0	5	0.580491		0 0 0 0 0 0 0 3 0 0 0 0 0 0 0 0 0 0 0 0 0 0 0 0 0 0 0 0 0 0 0 0 0 0 0 0 0 5 0 0 0 0 0 0 0 0 0 0 0 0 0 0 0 0 0 0 0 0 0 0 0 0 0 0 0 0 0 0 0 0 0 0 0 0 0 0 0 0 0 0 0 0 0 0 0 0 0 0 0 0 0 0 0 0 0 0 0 0 0 0 	# -3.910671 -0.004650 -0.035643 0.009295 0.148142 -0.617872 -0.004318 0.005638 5.907961 6.749125 
243		1.290000	0	7	1.492710		0 0 2 1 0 1 0 1 0 0 2 2 0 2 1 6 0 0 0 1 1 0 0 0 0 0 1 2 3 0 1 4 0 0 3 1 1 2 0 2 2 3 4 0 0 1 1 4 3 2 0 0 2 4 3 4 1 3 1 3 1 2 1 2 1 0 1 2 4 0 0 0 0 0 0 2 0 1 1 1 7 1 0 0 0 2 0 5 4 1 0 1 0 0 0 1 3 0 2 2 	# -16.374664 0.000309 -0.302395 -0.142417 1.481542 -0.234536 -0.022176 -0.135148 0.511241 -0.019382 
244		0.080000	0	3	0.464497		0 0 0 0 0 0 0 0 0 0 0 0 0 0 0 0 0 0 0 0 0 0 0 0 0 0 0 0 0 0 0 0 0 0 0 0 0 0 0 0 0 0 0 0 0 0 0 0 0 0 0 3 0 0 0 0 0 0 0 0 0 0 0 0 0 0 0 0 0 0 0 0 0 0 0 0 0 0 0 0 2 0 0 0 0 0 0 0 0 0 0 0 0 0 0 0 0 0 0 3 	# -5.394184 -0.006292 -0.034909 0.009596 0.148351 -0.990919 -0.005634 0.005916 9.645477 10.486702 
245		1.370000	0	7	1.567698		2 0 3 1 2 1 0 1 3 3 1 7 1 0 3 2 2 0 0 1 1 2 0 2 0 1 0 0 1 1 7 3 0 2 2 0 0 2 0 0 2 0 5 2 3 6 2 4 1 0 1 0 1 1 0 2 1 1 0 1 1 2 0 0 0 0 3 1 1 2 1 0 1 0 0 1 0 1 1 1 3 0 2 1 1 0 2 2 1 1 0 1 1 7 5 2 0 1 0 1 	# -15.990494 -0.004518 -0.297854 -0.140485 1.486139 -0.112986 -0.025578 -0.133887 -0.667199 -1.200571 
246		0.070000	0	6	0.607279		0 0 0 0 0 0 0 0 0 0 0 0 0 0 0 0 0 0 0 0 0 0 0 0 0 0 0 0 0 0 0 0 0 0 0 0 0 0 0 0 0 0 0 0 0 0 0 0 0 0 0 0 0 0 0 1 0 0 0 0 0 0 0 0 0 0 0 0 0 0 0 0 0 0 0 0 0 0 0 0 0 6 0 0 0 0 0 0 0 0 0 0 0 0 0 0 0 0 0 0 	# -3.910671 -0.004650 -0.035643 0.009295 0.148142 -0.617872 -0.004318 0.005638 5.907961 6.749125 
247		1.460000	0	7	1.459348		1 3 3 0 0 1 1 0 0 1 3 2 0 1 2 2 0 1 1 3 2 7 1 1 2 2 0 0 4 0 3 1 1 0 0 0 2 2 3 3 1 0 2 2 0 0 2 5 0 5 1 3 1 3 1 1 1 0 4 0 0 1 0 0 3 1 0 2 2 0 2 2 1 3 1 1 2 0 1 3 0 5 1 1 0 4 1 3 5 0 2 2 0 3 1 1 0 0 0 1 	# -16.374664 0.000309 -0.302395 -0.142417 1.481542 -0.234536 -0.022176 -0.135148 0.511241 -0.019382 
248		0.040000	0	4	0.400000		0 0 0 0 0 0 0 0 0 0 0 0 0 0 0 0 0 0 0 0 0 0 0 0 0 0 0 0 0 0 0 0 0 0 0 0 0 0 0 0 0 0 0 0 0 0 4 0 0 0 0 0 0 0 0 0 0 0 0 0 0 0 0 0 0 0 0 0 0 0 0 0 0 0 0 0 0 0 0 0 0 0 0 0 0 0 0 0 0 0 0 0 0 0 0 0 0 0 0 0 	# -5.394184 -0.006292 -0.034909 0.009596 0.148351 -0.990919 -0.005634 0.005916 9.645477 10.486702 
249		1.100000	0	5	1.184922		0 0 2 1 1 0 1 3 1 0 0 2 3 1 2 0 0 3 5 1 0 1 1 1 0 0 0 0 1 2 2 0 0 0 0 0 3 1 1 2 3 2 0 3 1 1 4 0 3 1 2 2 0 1 2 0 1 0 0 0 1 3 4 1 0 3 1 2 0 1 2 1 1 0 4 1 2 0 0 0 0 1 0 3 1 1 2 1 0 1 0 0 0 1 0 1 1 3 0 0 	# -15.990494 -0.004518 -0.297854 -0.140485 1.486139 -0.112986 -0.025578 -0.133887 -0.667199 -1.200571 
250		0.010000	0	1	0.100000		0 0 0 0 1 0 0 0 0 0 0 0 0 0 0 0 0 0 0 0 0 0 0 0 0 0 0 0 0 0 0 0 0 0 0 0 0 0 0 0 0 0 0 0 0 0 0 0 0 0 0 0 0 0 0 0 0 0 0 0 0 0 0 0 0 0 0 0 0 0 0 0 0 0 0 0 0 0 0 0 0 0 0 0 0 0 0 0 0 0 0 0 0 0 0 0 0 0 0 0 	# -3.910671 -0.004650 -0.035643 0.009295 0.148142 -0.617872 -0.004318 0.005638 5.907961 6.749125 
251		1.130000	0	5	1.169088		1 1 0 4 0 1 1 1 2 1 1 3 0 2 0 0 0 1 5 0 1 0 1 1 3 0 0 0 0 3 0 1 1 1 0 0 3 3 1 1 0 1 1 4 0 1 2 1 0 1 0 1 4 2 1 0 1 1 2 0 0 1 1 2 0 2 0 0 1 4 3 2 1 0 2 1 1 2 0 1 2 0 0 0 1 0 0 1 0 2 2 4 1 2 0 1 3 1 1 1 	# -16.374664 0.000309 -0.302395 -0.142417 1.481542 -0.234536 -0.022176 -0.135148 0.511241 -0.019382 
252		0.110000	0	11	1.100000		0 0 0 0 0 0 0 0 0 0 0 0 0 0 0 0 0 0 0 0 0 0 0 0 0 0 0 0 0 0 0 0 0 0 0 0 0 0 0 0 11 0 0 0 0 0 0 0 0 0 0 0 0 0 0 0 0 0 0 0 0 0 0 0 0 0 0 0 0 0 0 0 0 0 0 0 0 0 0 0 0 0 0 0 0 0 0 0 0 0 0 0 0 0 0 0 0 0 0 0 	# -5.394184 -0.006292 -0.034909 0.009596 0.148351 -0.990919 -0.005634 0.005916 9.645477 10.486702 
253		1.360000	0	6	1.410781		0 0 4 0 3 3 0 0 2 0 2 1 1 1 6 1 4 2 0 3 0 1 1 1 1 3 1 4 0 0 1 0 1 3 1 0 2 0 1 0 1 2 1 1 1 1 2 2 0 2 1 0 1 3 1 0 1 1 2 2 2 1 0 1 4 1 0 0 0 1 2 4 4 0 1 0 6 0 0 3 2 1 1 1 1 4 0 0 0 1 0 3 1 3 2 0 0 5 1 1 	# -15.990494 -0.004518 -0.297854 -0.140485 1.486139 -0.112986 -0.025578 -0.133887 -0.667199 -1.200571 
254		0.140000	0	4	0.586377		0 0 0 0 0 1 1 0 0 0 0 0 0 0 0 0 0 0 0 0 0 0 0 0 0 0 0 2 0 0 0 0 0 3 0 0 0 0 0 0 0 0 0 0 0 0 0 0 0 0 0 0 0 0 0 0 0 0 0 0 0 0 0 0 0 0 0 0 0 0 0 0 1 0 0 0 0 0 0 0 0 0 0 0 2 0 0 0 0 0 0 0 0 0 0 0 4 0 0 0 	# -3.910671 -0.004650 -0.035643 0.009295 0.148142 -0.617872 -0.004318 0.005638 5.907961 6.749125 
255		1.210000	0	5	1.085208		2 2 1 0 0 1 1 0 0 0 1 4 3 0 2 0 0 1 1 0 0 2 0 1 1 2 1 2 2 2 1 1 1 3 2 1 0 2 3 2 1 2 5 1 0 1 2 2 0 0 1 2 1 0 3 2 1 1 1 1 0 1 0 2 1 2 0 2 2 1 0 2 0 3 1 1 1 1 2 3 2 0 2 0 1 0 3 1 1 0 2 0 4 0 1 0 1 0 0 3 	# -16.374664 0.000309 -0.302395 -0.142417 1.481542 -0.234536 -0.022176 -0.135148 0.511241 -0.019382 
256		0.060000	0	3	0.371184		0 0 0 0 2 0 0 0 0 0 0 0 0 0 0 0 0 0 0 0 0 0 0 0 0 0 0 0 0 0 0 0 0 0 0 0 0 0 0 0 0 0 0 0 0 0 0 0 0 0 0 0 0 0 0 0 0 0 0 0 0 0 0 0 0 0 0 0 0 0 0 0 0 0 0 0 0 0 0 0 0 0 0 0 0 0 0 0 0 0 0 0 0 0 3 0 0 1 0 0 	# -5.394184 -0.006292 -0.034909 0.009596 0.148351 -0.990919 -0.005634 0.005916 9.645477 10.486702 
257		1.190000	0	5	1.228409		2 1 2 3 3 1 2 4 2 2 0 3 1 2 2 3 2 1 1 1 0 0 0 2 1 0 0 2 1 5 2 0 2 0 0 3 1 0 3 0 1 2 0 1 2 0 0 3 1 0 1 3 1 1 0 0 3 1 0 0 0 2 0 0 0 1 0 5 0 0 0 1 0 2 0 0 1 1 0 0 1 2 1 0 2 1 2 1 0 0 2 2 4 3 1 0 0 0 1 3 	# -15.990494 -0.004518 -0.297854 -0.140485 1.486139 -0.112986 -0.025578 -0.133887 -0.667199 -1.200571 
258		0.010000	0	1	0.100000		0 0 0 0 0 0 0 0 0 0 0 0 0 0 0 0 0 0 0 0 1 0 0 0 0 0 0 0 0 0 0 0 0 0 0 0 0 0 0 0 0 0 0 0 0 0 0 0 0 0 0 0 0 0 0 0 0 0 0 0 0 0 0 0 0 0 0 0 0 0 0 0 0 0 0 0 0 0 0 0 0 0 0 0 0 0 0 0 0 0 0 0 0 0 0 0 0 0 0 0 	# -3.910671 -0.004650 -0.035643 0.009295 0.148142 -0.617872 -0.004318 0.005638 5.907961 6.749125 
259		1.310000	0	5	1.252835		1 1 1 3 3 2 0 2 2 0 1 1 0 1 0 1 2 1 3 4 0 1 2 0 1 1 0 2 1 2 4 0 2 1 2 2 1 4 1 1 1 1 0 0 1 5 4 2 0 2 0 3 0 0 1 0 1 0 0 2 4 1 0 1 2 2 0 1 0 1 0 4 0 1 2 0 0 1 1 1 3 1 3 1 0 1 2 2 1 3 0 0 1 3 1 1 1 5 0 0 	# -16.374664 0.000309 -0.302395 -0.142417 1.481542 -0.234536 -0.022176 -0.135148 0.511241 -0.019382 
260		0.050000	0	3	0.358870		0 0 0 0 0 0 0 0 0 0 0 0 0 0 0 0 0 2 0 0 0 0 0 0 0 3 0 0 0 0 0 0 0 0 0 0 0 0 0 0 0 0 0 0 0 0 0 0 0 0 0 0 0 0 0 0 0 0 0 0 0 0 0 0 0 0 0 0 0 0 0 0 0 0 0 0 0 0 0 0 0 0 0 0 0 0 0 0 0 0 0 0 0 0 0 0 0 0 0 0 	# -5.394184 -0.006292 -0.034909 0.009596 0.148351 -0.990919 -0.005634 0.005916 9.645477 10.486702 
261		1.220000	0	6	1.374956		1 0 2 2 0 0 1 1 0 1 2 5 0 3 0 2 4 0 0 1 0 2 3 1 1 1 0 1 1 1 0 4 1 1 0 3 3 0 1 2 2 1 0 0 1 1 0 1 0 0 0 0 0 0 0 2 0 1 5 2 1 0 1 0 1 0 1 4 1 1 0 0 5 2 3 0 4 2 2 0 2 0 0 1 1 0 2 0 3 2 2 6 0 0 3 1 1 1 0 2 	# -15.990494 -0.004518 -0.297854 -0.140485 1.486139 -0.112986 -0.025578 -0.133887 -0.667199 -1.200571 
262		0.040000	0	4	0.400000		0 0 0 0 0 0 0 0 0 0 0 0 0 0 0 0 0 0 0 0 0 0 0 0 0 0 0 0 0 0 0 4 0 0 0 0 0 0 0 0 0 0 0 0 0 0 0 0 0 0 0 0 0 0 0 0 0 0 0 0 0 0 0 0 0 0 0 0 0 0 0 0 0 0 0 0 0 0 0 0 0 0 0 0 0 0 0 0 0 0 0 0 0 0 0 0 0 0 0 0 	# -3.910671 -0.004650 -0.035643 0.009295 0.148142 -0.617872 -0.004318 0.005638 5.907961 6.749125 
263		1.310000	0	5	1.220159		2 3 3 2 0 2 1 0 2 3 3 2 0 1 0 1 2 3 4 5 3 5 2 2 2 2 1 4 1 2 1 1 0 0 2 0 0 1 0 3 1 1 1 0 0 1 2 2 0 3 0 0 0 1 0 1 1 1 0 0 0 0 0 0 2 2 0 1 3 2 0 1 0 1 0 0 1 0 0 1 1 2 2 2 2 1 2 0 1 0 0 2 1 1 4 3 1 2 2 2 	# -16.374664 0.000309 -0.302395 -0.142417 1.481542 -0.234536 -0.022176 -0.135148 0.511241 -0.019382 
264		0.190000	0	6	0.884148		0 0 0 0 0 0 0 0 0 0 0 0 0 0 0 0 0 0 0 0 0 0 0 0 0 0 0 0 0 3 0 0 0 0 0 0 0 1 0 0 0 0 0 0 0 0 0 0 0 0 0 0 0 0 0 0 3 0 0 0 0 0 0 0 0 1 0 0 0 0 0 0 0 0 0 0 0 0 0 0 0 0 0 0 0 5 0 0 0 0 0 0 0 0 0 0 0 0 6 0 	# -5.394184 -0.006292 -0.034909 0.009596 0.148351 -0.990919 -0.005634 0.005916 9.645477 10.486702 
265		1.320000	0	6	1.434636		0 0 1 0 2 2 0 0 2 3 0 0 1 3 1 4 0 3 3 1 4 1 2 0 0 2 0 5 1 1 1 2 4 0 0 0 5 4 3 1 2 2 1 1 3 0 2 0 3 0 0 0 1 0 1 0 0 3 1 1 0 0 0 2 2 2 0 0 2 2 0 2 5 0 1 3 1 0 1 0 2 6 3 0 0 2 0 2 1 0 1 1 0 4 1 1 0 1 0 1 	# -15.990494 -0.004518 -0.297854 -0.140485 1.486139 -0.112986 -0.025578 -0.133887 -0.667199 -1.200571 
266		0.060000	0	3	0.422116		0 0 0 0 0 0 0 0 0 0 0 0 0 0 0 0 0 3 0 0 0 0 3 0 0 0 0 0 0 0 0 0 0 0 0 0 0 0 0 0 0 0 0 0 0 0 0 0 0 0 0 0 0 0 0 0 0 0 0 0 0 0 0 0 0 0 0 0 0 0 0 0 0 0 0 0 0 0 0 0 0 0 0 0 0 0 0 0 0 0 0 0 0 0 0 0 0 0 0 0 	# -3.910671 -0.004650 -0.035643 0.009295 0.148142 -0.617872 -0.004318 0.005638 5.907961 6.749125 
267		1.200000	0	5	1.392621		0 0 1 1 0 1 1 5 5 0 4 0 0 1 4 4 0 1 1 1 1 0 0 0 0 1 4 1 2 3 1 2 1 0 2 3 0 1 1 0 5 0 2 5 0 3 0 0 0 0 0 0 3 2 1 0 1 1 2 2 0 1 1 1 0 1 0 2 0 1 2 2 1 0 0 1 1 2 0 1 0 0 1 2 0 1 5 4 0 1 0 1 3 0 1 1 1 0 0 2 	# -16.374664 0.000309 -0.302395 -0.142417 1.481542 -0.234536 -0.022176 -0.135148 0.511241 -0.019382 
268		0.100000	0	6	0.674200		0 0 0 0 0 0 0 0 0 0 0 0 0 0 0 0 0 0 0 0 0 0 0 0 0 0 0 0 0 0 0 0 0 0 6 0 0 0 0 0 0 0 0 0 0 0 0 0 0 0 0 0 0 0 0 0 0 0 0 0 0 0 0 3 0 0 1 0 0 0 0 0 0 0 0 0 0 0 0 0 0 0 0 0 0 0 0 0 0 0 0 0 0 0 0 0 0 0 0 0 	# -5.394184 -0.006292 -0.034909 0.009596 0.148351 -0.990919 -0.005634 0.005916 9.645477 10.486702 
269		1.370000	0	8	1.630858		1 3 3 1 0 0 0 0 0 0 0 2 2 0 2 0 0 2 2 1 1 2 4 0 1 1 0 1 2 3 0 5 3 3 0 2 0 1 2 2 0 1 0 0 0 3 3 0 1 3 0 6 1 0 1 8 2 2 1 1 0 0 0 2 0 0 0 2 1 1 1 0 0 8 1 2 2 2 3 1 2 2 2 4 0 0 5 3 0 0 1 0 3 0 1 2 0 0 0 1 	# -15.990494 -0.004518 -0.297854 -0.140485 1.486139 -0.112986 -0.025578 -0.133887 -0.667199 -1.200571 
270		0.050000	0	4	0.411329		0 0 0 0 0 0 0 0 0 0 0 0 0 0 0 0 0 0 4 0 0 0 0 0 0 0 0 0 0 0 0 0 0 0 0 0 0 0 0 0 0 0 0 0 0 0 0 0 0 0 0 0 0 0 0 0 0 0 0 0 0 0 0 0 0 0 0 0 0 0 0 0 0 0 0 0 0 0 0 0 0 0 0 0 0 0 0 0 0 0 0 0 0 0 0 0 0 0 0 1 	# -3.910671 -0.004650 -0.035643 0.009295 0.148142 -0.617872 -0.004318 0.005638 5.907961 6.749125 
271		1.330000	0	5	1.271720		2 1 2 3 1 0 1 1 1 0 0 2 1 2 0 1 1 3 0 0 0 0 1 0 0 4 2 1 3 0 1 1 4 1 0 1 0 3 1 4 0 4 2 2 4 1 5 3 2 0 2 0 2 1 1 1 1 1 3 0 0 0 0 3 1 0 0 0 0 1 0 0 1 1 2 1 2 2 0 1 0 4 2 0 1 1 3 0 3 1 1 2 2 1 3 4 3 1 2 0 	# -16.374664 0.000309 -0.302395 -0.142417 1.481542 -0.234536 -0.022176 -0.135148 0.511241 -0.019382 
272		0.070000	0	3	0.355477		0 0 0 0 0 0 0 0 0 0 0 0 0 0 0 0 0 1 0 0 0 0 0 0 0 0 0 0 1 1 0 0 0 0 0 0 0 0 0 0 0 1 0 0 0 0 0 0 0 0 0 0 0 0 0 0 0 0 0 0 0 0 0 0 0 0 0 0 0 0 0 0 0 0 0 0 3 0 0 0 0 0 0 0 0 0 0 0 0 0 0 0 0 0 0 0 0 0 0 0 	# -5.394184 -0.006292 -0.034909 0.009596 0.148351 -0.990919 -0.005634 0.005916 9.645477 10.486702 
273		1.450000	0	7	1.622910		0 0 3 1 1 2 2 0 4 7 0 2 0 3 0 5 3 0 1 1 2 2 1 0 1 0 1 4 0 1 1 0 1 2 1 0 0 1 1 0 2 2 0 0 0 1 1 1 2 1 4 0 0 5 1 0 1 4 1 3 1 1 7 0 2 3 1 0 4 1 0 1 2 0 1 1 1 1 4 7 1 2 1 0 2 1 2 2 0 1 0 5 1 0 0 1 3 2 0 0 	# -15.990494 -0.004518 -0.297854 -0.140485 1.486139 -0.112986 -0.025578 -0.133887 -0.667199 -1.200571 
274		0.080000	0	8	0.800000		0 0 0 0 0 0 0 0 0 0 0 0 0 0 0 0 0 0 0 0 0 0 0 0 0 0 0 0 0 0 0 0 0 0 0 0 0 0 0 0 0 0 0 0 0 0 0 0 0 0 0 0 0 0 0 0 0 0 0 0 0 0 0 0 0 8 0 0 0 0 0 0 0 0 0 0 0 0 0 0 0 0 0 0 0 0 0 0 0 0 0 0 0 0 0 0 0 0 0 0 	# -3.910671 -0.004650 -0.035643 0.009295 0.148142 -0.617872 -0.004318 0.005638 5.907961 6.749125 
275		1.500000	0	6	1.629897		5 2 1 2 0 1 0 0 2 0 0 5 1 1 2 0 3 1 0 0 3 0 4 0 0 0 2 1 2 2 1 6 0 0 0 2 2 2 6 0 2 1 3 1 3 0 1 4 4 1 0 0 4 0 1 1 2 0 2 0 0 4 0 1 1 4 3 1 1 0 2 6 1 0 0 0 1 2 0 3 0 1 2 2 3 5 0 0 0 4 0 2 1 0 0 2 2 5 2 0 	# -16.374664 0.000309 -0.302395 -0.142417 1.481542 -0.234536 -0.022176 -0.135148 0.511241 -0.019382 
276		0.020000	0	1	0.140705		0 0 0 0 0 0 0 0 0 0 0 0 0 0 0 0 0 0 0 0 0 0 0 0 0 0 0 0 0 0 0 0 0 0 0 0 0 1 0 0 0 0 0 0 0 0 0 0 0 0 0 0 1 0 0 0 0 0 0 0 0 0 0 0 0 0 0 0 0 0 0 0 0 0 0 0 0 0 0 0 0 0 0 0 0 0 0 0 0 0 0 0 0 0 0 0 0 0 0 0 	# -5.394184 -0.006292 -0.034909 0.009596 0.148351 -0.990919 -0.005634 0.005916 9.645477 10.486702 
277		1.380000	0	7	1.419774		1 1 2 1 0 0 0 0 0 2 2 0 0 2 0 3 3 2 5 2 2 1 1 2 2 2 2 0 0 1 5 0 0 1 1 1 0 1 1 0 1 1 5 2 0 1 1 2 3 0 1 1 1 2 1 0 2 0 1 2 2 0 1 0 0 2 5 1 0 3 1 2 0 2 0 3 1 7 2 0 5 3 2 0 3 0 0 0 0 1 0 0 2 2 1 1 1 3 4 2 	# -15.990494 -0.004518 -0.297854 -0.140485 1.486139 -0.112986 -0.025578 -0.133887 -0.667199 -1.200571 
278		0.080000	0	3	0.393893		0 0 0 0 0 0 0 0 0 0 0 0 0 0 2 0 0 0 0 0 0 0 0 0 0 0 3 0 0 0 0 0 0 0 0 0 0 0 0 0 1 0 0 0 0 0 0 0 0 0 0 0 0 0 0 0 0 0 0 0 0 0 0 0 0 0 0 0 0 0 0 0 1 0 0 0 0 0 0 0 0 1 0 0 0 0 0 0 0 0 0 0 0 0 0 0 0 0 0 0 	# -3.910671 -0.004650 -0.035643 0.009295 0.148142 -0.617872 -0.004318 0.005638 5.907961 6.749125 
279		1.150000	0	6	1.242147		0 3 0 2 1 2 1 0 0 1 1 2 0 3 0 1 1 0 0 1 0 1 0 3 2 0 0 2 1 2 2 0 2 1 1 0 2 2 0 3 0 2 4 3 0 1 1 0 2 6 0 0 2 2 4 0 0 0 0 0 0 2 2 0 1 3 0 1 1 2 1 1 3 0 2 2 1 3 2 1 0 3 0 1 2 0 0 0 1 4 0 0 2 0 0 0 0 1 0 3 	# -16.374664 0.000309 -0.302395 -0.142417 1.481542 -0.234536 -0.022176 -0.135148 0.511241 -0.019382 
280		0.030000	0	2	0.222702		0 0 0 0 0 0 0 0 0 0 0 0 0 0 0 0 0 0 0 0 0 0 0 0 0 0 0 0 0 0 0 0 0 0 0 0 0 0 0 0 0 1 0 0 0 0 0 0 0 0 0 0 0 0 0 0 0 0 0 0 0 0 0 0 0 0 0 0 0 0 0 0 0 0 0 0 0 0 0 0 0 0 0 2 0 0 0 0 0 0 0 0 0 0 0 0 0 0 0 0 	# -5.394184 -0.006292 -0.034909 0.009596 0.148351 -0.990919 -0.005634 0.005916 9.645477 10.486702 
281		1.160000	0	4	1.002220		2 0 3 0 1 3 0 2 1 0 1 0 2 1 0 1 1 1 1 1 2 1 2 2 3 3 2 1 3 2 0 1 1 0 1 2 0 3 0 3 0 0 1 1 0 1 1 1 1 0 2 0 2 2 1 1 2 0 4 2 2 0 1 0 0 0 1 0 1 1 1 2 1 0 0 1 2 2 1 2 2 1 1 1 1 0 0 3 4 2 0 2 1 0 1 0 1 1 2 0 	# -15.990494 -0.004518 -0.297854 -0.140485 1.486139 -0.112986 -0.025578 -0.133887 -0.667199 -1.200571 
282		0.000000	0	0	0.000000		0 0 0 0 0 0 0 0 0 0 0 0 0 0 0 0 0 0 0 0 0 0 0 0 0 0 0 0 0 0 0 0 0 0 0 0 0 0 0 0 0 0 0 0 0 0 0 0 0 0 0 0 0 0 0 0 0 0 0 0 0 0 0 0 0 0 0 0 0 0 0 0 0 0 0 0 0 0 0 0 0 0 0 0 0 0 0 0 0 0 0 0 0 0 0 0 0 0 0 0 	# -3.910671 -0.004650 -0.035643 0.009295 0.148142 -0.617872 -0.004318 0.005638 5.907961 6.749125 
283		1.270000	0	7	1.237911		1 0 1 2 1 1 3 0 3 0 2 0 1 2 7 2 1 1 0 1 2 0 1 1 0 1 2 0 4 3 0 1 1 4 0 1 2 3 0 3 2 0 0 3 0 0 1 2 1 2 3 1 1 0 0 1 3 1 4 2 2 2 0 1 1 1 1 1 0 0 1 0 2 1 1 0 3 2 0 1 2 0 0 0 1 1 0 2 1 2 0 1 0 0 4 2 1 2 2 1 	# -16.374664 0.000309 -0.302395 -0.142417 1.481542 -0.234536 -0.022176 -0.135148 0.511241 -0.019382 
284		0.010000	0	1	0.100000		0 0 0 0 0 0 0 0 0 0 0 0 0 0 0 0 0 0 0 0 0 0 0 0 0 0 0 0 0 0 0 0 0 0 0 0 0 0 0 0 0 0 0 0 0 0 0 0 0 0 0 0 0 0 0 0 0 0 0 0 0 0 0 0 0 0 0 0 0 0 0 0 0 0 0 0 0 0 0 0 0 0 0 0 0 0 0 0 0 0 0 0 0 0 0 0 0 0 0 1 	# -5.394184 -0.006292 -0.034909 0.009596 0.148351 -0.990919 -0.005634 0.005916 9.645477 10.486702 
285		1.420000	0	5	1.327107		0 1 2 2 1 1 2 0 4 0 2 0 0 3 0 1 2 3 3 0 0 0 0 3 1 4 3 0 3 3 3 2 1 2 1 2 0 0 1 0 2 4 0 1 2 1 0 4 1 1 5 1 1 2 0 2 0 2 4 1 3 0 3 1 1 1 2 1 4 1 4 1 1 1 1 0 0 0 0 3 2 1 0 0 0 0 1 2 1 2 0 0 2 3 5 1 2 1 0 1 	# -15.990494 -0.004518 -0.297854 -0.140485 1.486139 -0.112986 -0.025578 -0.133887 -0.667199 -1.200571 
286		0.030000	0	3	0.300000		0 3 0 0 0 0 0 0 0 0 0 0 0 0 0 0 0 0 0 0 0 0 0 0 0 0 0 0 0 0 0 0 0 0 0 0 0 0 0 0 0 0 0 0 0 0 0 0 0 0 0 0 0 0 0 0 0 0 0 0 0 0 0 0 0 0 0 0 0 0 0 0 0 0 0 0 0 0 0 0 0 0 0 0 0 0 0 0 0 0 0 0 0 0 0 0 0 0 0 0 	# -3.910671 -0.004650 -0.035643 0.009295 0.148142 -0.617872 -0.004318 0.005638 5.907961 6.749125 
287		1.530000	0	6	1.438679		1 3 2 2 0 3 0 4 4 3 2 0 0 6 1 0 5 1 2 3 3 2 0 1 0 1 1 0 1 1 0 1 1 0 5 2 2 1 3 4 0 0 1 2 5 2 0 0 2 0 0 1 0 1 0 0 1 2 2 2 2 3 2 2 0 2 5 0 1 2 2 0 1 2 1 2 4 0 3 3 0 3 0 3 1 1 0 4 0 1 2 2 1 2 1 1 2 0 0 0 	# -16.374664 0.000309 -0.302395 -0.142417 1.481542 -0.234536 -0.022176 -0.135148 0.511241 -0.019382 
288		0.060000	0	2	0.342893		0 0 0 0 0 0 0 0 0 0 0 0 0 0 0 0 0 0 0 0 0 0 0 0 0 0 0 0 0 0 0 0 0 0 2 0 0 0 0 0 0 0 0 0 0 0 0 0 0 0 0 0 0 0 0 0 0 0 0 0 0 0 0 0 0 0 0 2 0 0 0 0 0 0 0 0 0 0 0 0 0 0 0 0 0 0 2 0 0 0 0 0 0 0 0 0 0 0 0 0 	# -5.394184 -0.006292 -0.034909 0.009596 0.148351 -0.990919 -0.005634 0.005916 9.645477 10.486702 
289		1.260000	0	7	1.133690		0 0 1 1 1 1 1 1 0 1 0 1 2 1 1 1 1 1 1 1 0 1 1 1 0 1 1 2 2 2 0 1 3 1 2 0 1 7 1 1 0 0 0 0 1 1 0 2 0 2 1 0 2 0 4 0 1 2 2 0 1 1 0 2 2 2 3 1 2 4 1 2 1 1 0 0 2 2 0 3 2 0 3 0 2 1 2 3 2 2 1 1 4 1 2 1 2 2 2 0 	# -15.990494 -0.004518 -0.297854 -0.140485 1.486139 -0.112986 -0.025578 -0.133887 -0.667199 -1.200571 
290		0.010000	0	1	0.100000		0 0 0 0 0 0 0 0 0 0 0 0 0 0 0 0 0 0 0 0 0 0 0 0 0 0 0 0 0 0 0 0 0 0 0 0 0 0 0 0 0 0 0 0 1 0 0 0 0 0 0 0 0 0 0 0 0 0 0 0 0 0 0 0 0 0 0 0 0 0 0 0 0 0 0 0 0 0 0 0 0 0 0 0 0 0 0 0 0 0 0 0 0 0 0 0 0 0 0 0 	# -3.910671 -0.004650 -0.035643 0.009295 0.148142 -0.617872 -0.004318 0.005638 5.907961 6.749125 
291		1.420000	0	6	1.349747		1 1 0 0 1 0 1 5 2 1 3 1 1 1 0 4 1 1 4 0 3 2 1 2 2 1 2 1 0 4 1 1 1 0 2 3 2 1 1 0 1 0 1 2 1 1 6 1 0 0 1 0 0 0 1 1 2 1 1 1 2 0 0 2 0 0 4 0 4 0 2 4 1 5 1 1 1 3 3 1 2 4 3 0 1 2 0 1 2 1 1 3 0 1 1 0 2 0 1 4 	# -16.374664 0.000309 -0.302395 -0.142417 1.481542 -0.234536 -0.022176 -0.135148 0.511241 -0.019382 
292		0.060000	0	4	0.445403		0 0 0 0 0 0 0 0 0 0 0 0 0 0 0 0 0 0 0 0 0 0 0 0 0 0 0 0 0 0 0 0 0 0 0 0 0 0 0 0 0 0 4 0 0 0 0 0 0 0 0 0 0 0 0 0 0 0 0 0 0 2 0 0 0 0 0 0 0 0 0 0 0 0 0 0 0 0 0 0 0 0 0 0 0 0 0 0 0 0 0 0 0 0 0 0 0 0 0 0 	# -5.394184 -0.006292 -0.034909 0.009596 0.148351 -0.990919 -0.005634 0.005916 9.645477 10.486702 
293		1.250000	0	6	1.290016		1 0 0 1 2 2 1 2 1 1 3 0 2 2 2 0 2 0 1 2 1 1 6 0 0 2 0 3 0 3 1 2 0 1 0 1 0 1 3 0 3 1 5 1 0 1 1 0 0 2 1 0 0 1 1 2 1 1 0 1 0 1 0 2 0 0 3 2 1 0 1 1 2 4 1 1 3 0 0 2 2 2 0 2 3 5 0 0 1 1 1 0 0 3 2 1 0 5 1 0 	# -15.990494 -0.004518 -0.297854 -0.140485 1.486139 -0.112986 -0.025578 -0.133887 -0.667199 -1.200571 
294		0.060000	0	4	0.445403		0 0 0 0 0 0 0 0 0 0 0 0 0 0 0 0 0 0 0 0 0 0 0 0 0 0 0 0 0 0 0 0 0 0 0 0 0 0 0 0 0 0 0 0 0 0 0 0 4 0 0 0 0 0 0 0 0 0 0 0 0 0 0 0 0 0 0 0 0 0 0 0 0 0 0 0 0 0 0 0 0 0 0 0 0 0 0 0 0 0 0 0 0 0 0 0 0 0 0 2 	# -3.910671 -0.004650 -0.035643 0.009295 0.148142 -0.617872 -0.004318 0.005638 5.907961 6.749125 
295		1.250000	0	6	1.297823		2 0 1 1 1 2 0 2 2 0 2 0 2 0 1 0 2 0 2 0 1 1 0 3 1 0 4 0 1 1 4 1 2 2 0 1 0 1 1 0 1 1 0 0 1 3 0 3 6 4 2 0 1 1 4 2 0 3 1 1 1 1 1 1 0 1 0 1 1 5 4 3 3 0 1 0 0 0 1 0 2 1 4 0 0 3 2 0 0 1 1 1 1 0 2 0 1 0 2 2 	# -16.374664 0.000309 -0.302395 -0.142417 1.481542 -0.234536 -0.022176 -0.135148 0.511241 -0.019382 
296		0.040000	0	4	0.400000		0 0 0 0 0 0 0 0 0 0 0 0 0 0 0 0 0 0 0 0 0 0 0 0 0 0 0 4 0 0 0 0 0 0 0 0 0 0 0 0 0 0 0 0 0 0 0 0 0 0 0 0 0 0 0 0 0 0 0 0 0 0 0 0 0 0 0 0 0 0 0 0 0 0 0 0 0 0 0 0 0 0 0 0 0 0 0 0 0 0 0 0 0 0 0 0 0 0 0 0 	# -5.394184 -0.006292 -0.034909 0.009596 0.148351 -0.990919 -0.005634 0.005916 9.645477 10.486702 
297		1.100000	0	5	1.123666		3 1 1 1 0 1 2 1 2 0 1 0 0 2 2 3 0 0 0 1 0 2 0 0 3 0 1 1 3 1 3 1 2 2 3 1 1 1 0 1 2 0 2 0 2 1 0 1 0 1 0 0 4 2 0 3 1 0 1 2 1 1 2 0 3 2 1 0 1 2 1 3 0 0 5 0 0 1 2 0 1 1 1 1 3 1 1 0 1 0 0 0 0 0 4 1 0 1 0 0 	# -15.990494 -0.004518 -0.297854 -0.140485 1.486139 -0.112986 -0.025578 -0.133887 -0.667199 -1.200571 
298		0.000000	0	0	0.000000		0 0 0 0 0 0 0 0 0 0 0 0 0 0 0 0 0 0 0 0 0 0 0 0 0 0 0 0 0 0 0 0 0 0 0 0 0 0 0 0 0 0 0 0 0 0 0 0 0 0 0 0 0 0 0 0 0 0 0 0 0 0 0 0 0 0 0 0 0 0 0 0 0 0 0 0 0 0 0 0 0 0 0 0 0 0 0 0 0 0 0 0 0 0 0 0 0 0 0 0 	# -3.910671 -0.004650 -0.035643 0.009295 0.148142 -0.617872 -0.004318 0.005638 5.907961 6.749125 
299		1.540000	0	6	1.566183		0 0 0 4 1 1 3 0 3 1 3 4 0 1 0 0 3 0 3 3 0 5 0 0 3 3 4 1 2 0 0 1 0 0 2 2 1 2 4 3 0 1 1 1 0 5 3 2 1 1 1 0 1 0 2 0 2 2 4 2 1 0 1 4 3 0 2 0 5 1 1 3 0 3 1 1 1 1 0 4 1 2 0 1 0 5 5 0 1 1 6 0 0 3 1 0 0 0 3 1 	# -16.374664 0.000309 -0.302395 -0.142417 1.481542 -0.234536 -0.022176 -0.135148 0.511241 -0.019382 
