# Episode	Mean score	Min	Max	Standard deviation	Scores	# Feature weights	
0		21.280000	1	96	18.902586		5 54 23 3 9 8 32 4 11 8 20 12 22 50 8 17 24 21 34 17 96 15 51 3 3 65 12 6 25 7 14 22 27 1 38 15 6 8 10 32 10 31 11 14 18 3 44 28 13 54 	# -0.186257 0.428557 -0.325727 -0.050532 -0.048236 -0.509588 0.339876 -0.018295 0.783396 1.351702 
1		89.640000	16	202	43.440205		128 120 63 98 88 139 124 56 86 165 48 52 74 202 144 71 97 180 58 52 54 166 55 109 50 61 181 76 30 25 63 66 71 46 83 72 100 82 16 100 101 98 87 99 42 95 110 53 175 71 	# 21.421991 0.213178 -0.363108 -0.070223 0.213013 4.635416 0.194724 -0.068812 -49.776392 -49.051415 
2		293.860000	29	1120	199.585183		683 82 200 606 282 113 373 406 361 130 255 470 348 168 1120 290 101 116 93 204 415 74 182 574 289 96 29 405 167 470 509 553 382 175 233 450 396 419 133 113 355 289 248 137 99 352 222 304 98 124 	# -2.528832 0.176109 -0.468559 -0.107068 0.368692 -1.697982 0.167021 -0.103540 12.405313 12.965795 
3		1943.940000	103	10821	1893.110974		856 2324 1403 522 525 3045 5432 406 602 2231 457 826 794 809 10821 1657 3425 321 2153 306 2935 1085 1194 823 4173 307 4154 418 3846 2130 2291 251 1911 2738 993 2831 1082 3117 1158 4175 1523 174 635 1761 629 1943 5756 2088 2058 103 	# -47.419526 0.099692 -0.546335 -0.122974 0.533603 -13.196076 0.087744 -0.120342 126.704897 127.095623 
4		2091.580000	80	6213	1558.706176		4413 2092 2692 2737 3857 2302 990 1749 3412 361 1300 400 385 4728 853 984 3178 6213 3116 913 2779 1756 2351 1953 1848 1786 893 6111 659 80 1547 464 100 228 2196 5739 468 1789 3015 1594 346 1915 991 2674 2850 2073 3525 4280 612 1282 	# -18.932874 0.043409 -0.600453 -0.125761 0.652586 -6.299394 0.031974 -0.123394 57.248868 57.519655 
5		1375.520000	55	9826	1727.874148		698 936 1324 477 558 1601 822 474 347 262 2060 706 294 448 1345 1596 6531 107 463 737 823 3195 586 894 4584 1230 1702 1035 972 130 2200 1754 344 661 1345 4359 916 1434 1520 55 601 635 281 2457 124 830 9826 1244 1037 216 	# -5.016716 0.011567 -0.639208 -0.125396 0.730176 -3.022625 -0.000215 -0.123320 24.089689 24.282498 
6		818.080000	23	2924	737.402331		933 1539 75 2924 2087 844 1123 544 1546 516 475 55 144 606 2122 91 300 2191 611 151 196 48 23 173 561 427 1853 1580 2058 249 926 525 2717 458 378 441 738 1691 631 861 750 1081 955 439 607 68 246 878 54 415 	# -12.594252 -0.014076 -0.669787 -0.124215 0.792254 -5.114760 -0.027715 -0.122370 44.658585 44.785398 
7		943.500000	25	5341	1008.888078		2880 1947 86 79 185 112 72 1379 277 1743 337 1358 159 822 1777 798 1202 260 1367 392 91 1716 1073 2287 2995 63 1226 106 496 2554 637 575 1841 696 282 991 210 1138 1412 610 209 109 1305 449 297 5341 762 174 25 273 	# -67.490026 -0.024364 -0.694187 -0.124013 0.831742 -19.034053 -0.039087 -0.123070 183.508876 183.593211 
8		856.680000	38	3565	679.730602		321 1898 405 597 1513 758 1469 748 910 1214 138 1259 92 863 1829 3565 654 1107 478 620 1636 327 91 1666 1761 436 1353 146 505 416 791 625 454 1182 330 646 133 763 821 668 2321 139 905 1025 768 38 1544 204 397 305 	# -6.240942 -0.031622 -0.715039 -0.124431 0.863674 -3.918631 -0.047444 -0.124491 32.028412 32.076999 
9		927.820000	65	4277	875.358298		1363 562 1986 2140 530 711 1459 312 1073 65 4277 594 508 180 147 406 1489 219 2334 768 380 416 1182 539 112 1366 1242 132 225 2848 1100 1582 1808 347 1606 203 542 115 655 503 531 217 328 237 594 2632 376 711 2321 418 	# -9.787262 -0.038125 -0.733969 -0.125533 0.891961 -5.005072 -0.055364 -0.126670 42.575677 42.590935 
10		852.440000	6	2869	722.292754		168 979 729 720 1581 925 272 312 585 285 1132 334 1211 1536 834 511 2869 15 1728 2449 347 1645 1517 2073 383 493 244 123 952 1276 1476 256 79 292 116 228 2611 6 540 555 299 1557 132 871 1153 81 779 2033 548 782 	# -8.844942 -0.043274 -0.751337 -0.126910 0.916367 -4.971502 -0.061642 -0.129140 41.927707 41.913615 
11		691.640000	13	2658	594.814214		180 752 1001 2561 898 929 835 314 404 611 1158 967 83 876 605 13 1239 386 1113 201 513 158 764 958 154 188 188 132 1430 653 275 827 459 449 1651 330 56 897 200 40 260 299 278 2658 1662 175 1389 228 1205 980 	# -10.890045 -0.049570 -0.767617 -0.128533 0.939883 -5.687299 -0.069266 -0.131873 48.784239 48.741397 
12		753.660000	33	2524	703.028249		1592 2230 238 240 307 217 109 500 1040 917 851 350 94 173 1707 666 158 681 333 2132 132 113 2037 212 1714 444 855 271 226 287 431 212 33 208 2508 314 1056 447 187 72 995 1200 840 880 906 793 168 1064 2524 2019 	# -13.118720 -0.056577 -0.783133 -0.130273 0.962410 -6.451362 -0.077636 -0.134682 56.129211 56.058373 
13		665.180000	22	2724	657.863446		254 46 1337 22 436 1460 103 132 783 862 265 576 1850 665 151 125 100 184 585 474 751 113 1343 547 839 155 267 275 616 1179 1331 2012 171 132 186 1913 671 173 150 302 2302 2724 782 67 322 119 484 229 1402 1292 	# -9.570221 -0.062895 -0.798106 -0.132260 0.982783 -5.773221 -0.085232 -0.137793 49.054892 48.958329 
14		677.920000	30	3891	721.445681		876 87 81 75 371 2635 210 1353 586 3891 884 221 691 281 105 331 822 546 1831 1260 1457 71 92 368 242 162 222 30 54 694 178 180 755 77 668 793 644 581 796 706 250 1943 439 294 995 1239 430 1309 221 869 	# -14.475461 -0.068175 -0.813376 -0.134563 1.001528 -7.211427 -0.091776 -0.141175 63.137271 63.015958 
15		538.680000	31	3476	550.494043		777 302 234 229 899 360 129 521 981 209 316 823 61 117 713 1441 508 890 279 179 35 31 346 706 116 736 903 554 128 231 409 84 757 605 397 1082 309 440 1079 119 300 61 442 1266 893 3476 486 78 662 235 	# -11.455872 -0.073639 -0.828634 -0.137066 1.019557 -6.670590 -0.098520 -0.144754 57.432899 57.288028 
16		556.960000	22	2378	485.942928		288 600 2378 450 389 49 543 229 869 355 1035 1214 893 51 102 218 673 1279 860 489 273 1751 171 690 448 410 492 110 275 189 23 571 1549 52 804 391 518 136 1079 605 631 282 1061 49 22 66 548 481 1011 196 	# -11.921782 -0.079421 -0.844111 -0.139668 1.037267 -7.003560 -0.105519 -0.148407 60.465574 60.297369 
17		492.540000	4	2088	447.398750		795 1165 1650 471 4 345 385 667 631 1143 397 311 919 500 442 610 701 199 2088 599 40 438 60 43 218 335 253 387 357 498 984 24 517 75 164 226 107 461 25 747 1573 774 241 186 641 74 870 141 101 45 	# -13.044422 -0.085237 -0.859763 -0.142345 1.054346 -7.502854 -0.112523 -0.152121 65.161072 64.970275 
18		606.520000	10	2351	517.903869		431 35 600 1546 10 382 205 703 84 1391 478 34 1121 680 1107 196 272 331 151 350 1211 289 441 690 564 689 1000 1299 448 107 218 123 141 574 349 483 159 575 701 2351 163 796 161 1342 1616 1689 888 118 304 730 	# -23.057395 -0.091126 -0.875776 -0.145085 1.071053 -10.226960 -0.119596 -0.155855 92.102578 91.889363 
19		492.200000	8	1329	358.270278		137 800 769 360 741 965 237 254 420 450 1131 258 11 467 69 340 424 746 440 182 8 1246 55 301 546 710 112 336 338 713 895 516 619 743 136 295 35 14 533 89 1127 251 1328 610 637 63 438 676 1329 710 	# -31.123892 -0.097754 -0.892147 -0.148026 1.088076 -12.466725 -0.127587 -0.159774 114.202537 113.966598 
20		365.220000	2	1589	311.432326		172 274 105 432 179 592 308 1589 741 481 202 109 407 274 146 848 124 1388 19 559 243 422 521 35 348 686 139 263 649 510 246 559 417 564 494 164 435 428 328 67 270 375 36 83 447 115 87 2 335 44 	# -15.199539 -0.103755 -0.908828 -0.151006 1.104020 -8.710783 -0.134786 -0.163705 76.340644 76.083124 
21		671.920000	5	2921	719.281298		5 394 645 48 619 777 778 680 2730 38 507 173 127 1109 98 21 399 267 1502 880 685 450 565 1159 1130 393 193 120 212 130 24 91 2921 916 368 829 2436 1727 150 1884 119 2016 244 277 219 1097 95 202 190 957 	# -20.013929 -0.109400 -0.925785 -0.154049 1.119136 -10.141330 -0.141602 -0.167698 90.342383 90.064278 
22		543.420000	20	2785	530.249117		186 656 72 603 98 98 818 803 130 116 1769 654 509 77 20 224 598 167 1000 1526 2785 480 883 1224 280 40 100 346 1164 97 450 714 478 75 438 289 52 419 137 764 778 1507 685 251 133 152 674 438 401 813 	# -26.616636 -0.114914 -0.943084 -0.157167 1.133741 -12.020891 -0.148282 -0.171745 108.832460 108.534277 
23		549.840000	6	3416	643.258584		1376 225 552 975 597 121 56 39 36 382 13 415 132 515 1031 38 1052 568 126 495 6 3416 277 1226 248 807 404 227 128 1493 1379 371 203 338 214 197 922 128 82 1048 11 151 17 85 1430 2051 1127 136 414 212 	# -33.092790 -0.117763 -0.961693 -0.160891 1.146324 -13.871787 -0.152215 -0.176479 127.019915 126.702617 
24		543.460000	4	3007	597.737135		393 154 1486 88 907 89 21 869 415 468 295 633 979 440 274 340 282 2687 411 10 224 577 490 1424 196 326 896 199 164 371 256 1128 151 324 540 120 26 3007 526 737 596 184 97 1091 158 848 235 866 4 171 	# -66.809095 -0.122678 -0.980732 -0.164477 1.160707 -22.534687 -0.158317 -0.180945 213.331807 212.994126 
25		184.020000	18	773	163.906704		218 73 66 280 206 123 89 248 201 60 72 86 278 133 297 172 75 303 355 24 90 193 114 78 63 773 18 312 91 84 137 51 135 191 40 104 25 244 74 391 238 26 131 306 529 65 128 133 763 315 	# -73.423651 -0.127780 -0.999832 -0.167973 1.174658 -24.423792 -0.164534 -0.185315 231.905713 231.548684 
26		172.760000	13	699	155.833449		358 77 149 373 165 35 74 20 147 699 68 249 136 45 85 330 390 39 257 28 179 14 537 121 355 136 35 316 526 13 67 198 225 73 74 41 366 269 56 70 270 78 179 46 23 71 125 306 97 48 	# -30.003985 -0.133244 -1.021076 -0.171674 1.190585 -13.807807 -0.171412 -0.189631 125.413534 125.032532 
27		157.680000	4	622	167.811293		21 108 96 409 53 611 111 34 67 135 595 114 27 24 320 4 67 164 185 53 120 189 70 144 72 492 53 622 30 443 30 24 169 61 138 41 84 77 88 148 482 39 414 108 79 56 81 109 55 168 	# -143.063439 -0.138231 -1.042304 -0.175364 1.205391 -42.312841 -0.177604 -0.194089 410.133654 409.732429 
28		177.980000	8	949	180.148294		245 193 92 394 428 112 168 76 44 18 121 124 8 94 80 119 216 214 285 31 109 31 207 280 17 69 22 18 949 211 118 405 88 338 347 107 248 324 74 13 271 704 41 82 81 242 10 40 332 59 	# -62.868953 -0.142757 -1.063808 -0.179105 1.219416 -22.506341 -0.183279 -0.198606 211.735098 211.314413 
29		152.320000	2	659	128.162117		19 25 38 38 2 61 23 142 216 166 211 233 354 69 74 175 141 107 248 39 297 196 659 33 25 238 13 498 281 100 112 156 104 92 23 120 113 70 271 133 105 81 211 218 34 322 138 148 142 302 	# -71.638916 -0.147317 -1.085573 -0.182905 1.233153 -24.942881 -0.189014 -0.203173 235.765950 235.326125 
30		130.200000	4	719	129.217425		353 16 73 101 324 99 5 74 50 18 135 88 67 18 4 719 26 40 147 12 42 180 113 44 75 164 74 107 110 109 33 39 240 61 109 25 47 99 395 153 136 331 156 119 190 206 133 79 224 348 	# -26.773300 -0.151862 -1.107653 -0.186728 1.246620 -13.972454 -0.194705 -0.207738 125.724940 125.266204 
31		127.720000	8	429	110.690788		33 132 375 10 48 102 285 76 21 81 116 19 98 321 86 106 244 341 193 43 43 164 63 141 34 256 172 60 226 135 151 172 89 42 34 133 14 361 166 57 8 24 52 14 10 182 311 24 429 89 	# -51.710163 -0.156196 -1.130039 -0.190693 1.259626 -20.454604 -0.200209 -0.212470 190.207940 189.730890 
32		160.780000	12	845	145.230610		122 230 101 42 172 139 222 33 845 266 381 132 86 34 53 12 30 80 205 139 41 12 338 12 227 140 268 282 97 242 165 33 54 53 281 314 87 274 131 49 132 267 303 49 82 398 169 18 62 135 	# -46.542090 -0.160645 -1.152714 -0.194671 1.272491 -19.412406 -0.205802 -0.217177 179.445558 178.950278 
33		107.320000	16	383	79.375995		79 49 83 383 110 144 366 131 185 103 215 186 158 77 17 87 45 70 29 86 130 192 88 73 132 69 147 110 34 74 30 125 63 71 61 238 194 16 75 29 158 37 102 59 44 215 24 52 49 72 	# -47.347056 -0.165088 -1.175671 -0.198689 1.285098 -19.865299 -0.211388 -0.221910 183.632389 183.119138 
34		124.700000	6	418	97.652497		37 110 59 182 37 85 93 258 51 207 318 341 127 14 327 139 241 17 137 127 6 186 117 282 51 46 37 134 164 7 13 85 146 50 187 18 12 189 129 195 110 17 121 74 90 68 418 109 67 200 	# -41.344078 -0.169458 -1.198942 -0.202750 1.297427 -18.617985 -0.216889 -0.226679 170.815347 170.284512 
35		123.340000	4	759	146.786199		300 9 759 74 133 32 31 80 113 57 42 22 42 210 109 94 104 59 312 81 50 532 59 16 293 293 280 79 413 32 186 49 11 29 74 292 120 88 125 131 46 44 49 46 40 32 4 11 52 28 	# -41.537099 -0.173806 -1.222523 -0.206859 1.309537 -18.921497 -0.222369 -0.231478 173.504458 172.956199 
36		112.040000	7	472	95.278316		113 117 57 250 211 33 261 98 145 101 10 70 14 55 39 147 27 7 156 48 24 76 170 249 120 20 117 21 302 211 150 112 472 54 272 69 15 259 107 44 152 39 33 30 143 41 75 23 107 136 	# -43.055830 -0.178116 -1.246395 -0.211015 1.321401 -19.558221 -0.227809 -0.236314 179.523760 178.958325 
37		109.740000	7	290	75.531264		61 63 36 64 37 168 117 220 13 25 163 159 56 145 52 34 29 62 188 181 83 267 290 96 204 129 22 24 73 93 155 116 218 114 104 288 53 55 182 60 13 102 46 207 51 194 76 138 154 7 	# -44.927677 -0.182390 -1.270542 -0.215221 1.333020 -20.284983 -0.233210 -0.241188 186.441595 185.859228 
38		131.600000	0	831	147.174615		186 12 300 45 36 15 110 107 381 86 69 102 187 831 263 26 172 71 139 123 341 104 74 423 4 26 58 205 51 0 47 47 27 93 246 16 58 247 77 92 166 38 66 41 177 19 6 63 377 130 	# -42.217078 -0.186631 -1.294953 -0.219474 1.344394 -19.867868 -0.238576 -0.246099 181.918879 181.319824 
39		99.340000	1	330	80.783058		74 76 116 171 81 113 38 25 118 164 19 55 8 24 69 178 36 28 47 29 94 200 48 16 30 261 245 111 186 80 69 49 128 231 66 105 68 72 330 189 81 59 242 48 20 23 144 23 279 1 	# -44.654197 -0.190840 -1.319617 -0.223776 1.355523 -20.739393 -0.243908 -0.251048 190.280827 189.665324 
40		85.100000	3	591	104.851936		16 25 40 83 90 269 58 42 49 307 13 164 117 136 132 221 3 18 73 98 118 27 591 22 45 10 72 199 6 21 62 19 21 47 41 31 64 65 120 14 23 68 20 64 11 46 77 23 321 53 	# -46.486151 -0.195019 -1.344525 -0.228125 1.366409 -21.461313 -0.249208 -0.256035 197.145039 196.513326 
41		67.000000	11	219	50.412988		40 51 170 92 70 117 20 104 29 63 35 45 118 17 219 19 58 18 14 30 101 69 122 11 31 83 37 12 19 94 70 42 106 16 19 160 53 107 24 88 35 133 22 88 177 146 26 68 30 32 	# -52.248203 -0.198342 -1.370515 -0.232704 1.377120 -23.168066 -0.253646 -0.261190 213.847885 213.198977 
42		92.440000	2	533	100.981138		32 89 89 114 170 533 18 43 91 14 300 12 41 66 42 55 40 40 47 19 112 26 22 21 15 2 74 78 131 83 14 88 150 41 150 395 96 120 213 86 29 35 56 298 86 66 38 67 51 124 	# -85.835796 -0.202606 -1.397036 -0.237177 1.388878 -31.832921 -0.259030 -0.266183 300.131193 299.464559 
43		83.180000	4	231	61.186797		153 88 44 95 82 23 89 10 117 89 201 145 80 7 57 39 145 33 28 219 8 155 60 163 4 142 15 185 39 77 15 80 165 138 40 167 30 7 89 38 60 72 15 95 86 231 15 110 46 68 	# -104.920456 -0.206652 -1.423626 -0.241691 1.400056 -36.873612 -0.264169 -0.271293 350.171699 349.488669 
44		57.900000	6	169	37.343551		99 83 12 25 33 33 69 114 48 28 84 22 115 9 147 6 62 89 93 87 57 13 20 56 73 67 112 37 16 73 90 34 40 29 169 114 87 28 39 33 77 34 49 76 46 13 33 25 32 65 	# -96.381236 -0.210662 -1.450354 -0.246243 1.410918 -35.009999 -0.269277 -0.276433 331.167836 330.468658 
45		65.780000	9	315	59.561421		47 29 30 27 138 62 128 180 17 67 9 68 33 70 38 15 64 15 16 315 129 190 25 37 36 20 152 97 53 46 44 63 20 66 64 22 82 172 37 33 10 33 124 28 98 28 49 36 116 11 	# -110.141698 -0.214649 -1.477222 -0.250837 1.421488 -38.722936 -0.274363 -0.281608 367.928314 367.213263 
46		104.980000	6	386	92.097440		117 63 241 266 353 30 109 57 62 55 18 135 59 48 174 38 182 6 56 58 19 146 11 8 65 29 76 20 294 146 36 53 37 121 204 196 198 134 50 386 73 219 163 51 24 12 137 153 36 25 	# -102.553252 -0.218620 -1.504236 -0.255472 1.431783 -37.100259 -0.279435 -0.286818 351.331450 350.600782 
47		84.860000	5	372	90.333850		5 95 38 12 38 79 35 103 44 284 154 51 312 372 19 115 69 54 31 13 65 32 18 232 21 92 5 28 210 35 43 51 121 24 36 39 65 23 306 28 56 33 56 74 29 75 297 95 38 93 	# -110.223101 -0.222577 -1.531397 -0.260148 1.441816 -39.293747 -0.284493 -0.292063 372.895020 372.148980 
48		72.440000	3	419	73.089311		174 32 56 164 6 162 39 39 71 110 47 29 10 88 125 68 58 419 75 60 102 52 4 24 79 55 53 33 3 60 154 18 71 102 13 34 32 54 4 25 62 19 67 113 33 28 57 252 176 11 	# -118.983684 -0.226520 -1.558708 -0.264867 1.451595 -41.761485 -0.289538 -0.297343 397.199893 396.438718 
49		77.080000	7	248	55.435876		158 43 47 57 28 169 37 23 14 91 22 231 113 37 33 11 106 81 74 68 22 47 197 58 33 96 45 124 32 129 113 7 26 55 83 38 248 123 35 50 128 47 123 102 133 61 85 40 75 56 	# -117.764591 -0.230449 -1.586167 -0.269627 1.461127 -41.735850 -0.294571 -0.302658 396.569813 395.793734 
50		91.720000	2	380	82.024148		27 102 28 79 113 41 72 199 50 15 50 55 37 380 140 135 45 199 129 47 3 32 34 28 21 5 93 43 129 338 95 120 95 26 175 77 240 13 66 195 18 105 168 181 23 131 2 59 18 110 	# -117.845619 -0.234365 -1.613775 -0.274428 1.470419 -42.036767 -0.299591 -0.308008 399.204047 398.413288 
51		56.140000	0	277	56.170662		6 33 40 15 5 15 15 38 7 14 1 56 5 56 57 48 14 66 161 50 17 0 277 134 38 87 60 57 104 32 14 6 13 54 21 45 33 52 62 58 115 172 88 195 23 25 62 35 148 78 	# -117.358548 -0.238268 -1.641531 -0.279268 1.479478 -42.197159 -0.304599 -0.313392 400.431826 399.626605 
52		72.280000	11	259	55.866839		76 46 259 46 77 128 129 54 91 47 133 94 37 12 74 77 92 60 17 51 56 11 14 68 31 182 109 59 14 141 27 30 11 42 74 129 26 52 72 12 92 31 71 220 98 38 200 37 54 13 	# -110.097349 -0.242157 -1.669435 -0.284149 1.488309 -40.665497 -0.309595 -0.318809 384.737864 383.918394 
53		78.400000	4	269	68.701959		35 269 63 22 109 62 64 32 37 22 101 258 28 148 9 92 11 163 133 53 36 107 184 43 62 68 80 54 52 63 176 94 74 49 28 14 9 35 257 111 15 22 38 25 72 40 4 244 59 94 	# -128.045686 -0.246034 -1.697485 -0.289068 1.496917 -45.437675 -0.314579 -0.324260 432.081112 431.247601 
54		70.440000	3	202	49.690947		22 168 87 103 97 122 13 122 92 177 14 56 15 25 74 118 202 49 54 35 13 10 106 25 153 30 17 98 18 23 57 69 34 112 46 23 27 131 3 34 45 66 67 73 100 140 58 67 94 138 	# -131.652384 -0.249898 -1.725681 -0.294026 1.505309 -46.625878 -0.319551 -0.329742 443.583432 442.736082 
55		70.520000	7	350	64.548112		75 9 31 51 32 220 41 206 51 38 27 58 38 51 60 87 26 42 157 26 83 42 13 27 29 150 27 16 350 121 7 33 102 8 100 25 42 93 91 36 136 11 155 72 35 48 66 110 125 47 	# -131.640422 -0.253750 -1.754020 -0.299021 1.513488 -46.910831 -0.324512 -0.335257 446.052074 445.191083 
56		80.120000	6	391	73.688157		48 12 29 71 19 391 30 71 175 7 111 14 69 79 65 112 53 105 119 224 13 226 175 51 46 48 22 157 90 20 65 18 61 209 169 49 6 29 27 37 33 51 138 111 16 59 73 40 120 43 	# -133.327640 -0.257590 -1.782501 -0.304054 1.521460 -47.621974 -0.329461 -0.340803 452.781445 451.907006 
57		85.160000	1	245	68.052609		47 15 89 60 125 177 13 19 4 44 135 113 54 79 226 81 25 182 14 38 20 114 20 66 23 58 155 62 118 38 157 48 245 163 53 114 144 1 28 220 216 67 37 41 58 89 7 98 29 229 	# -132.760731 -0.261418 -1.811123 -0.309122 1.529229 -47.770959 -0.334400 -0.346380 453.888089 453.000392 
58		107.160000	9	451	91.530604		49 25 62 80 33 53 84 108 106 37 62 165 113 88 181 10 103 33 63 124 104 172 185 152 107 186 42 68 131 79 306 70 329 451 139 59 80 17 9 85 94 38 368 14 140 149 27 37 56 85 	# -132.982604 -0.265235 -1.839885 -0.314227 1.536800 -48.118494 -0.339327 -0.351987 456.979095 456.078324 
59		103.100000	0	410	86.052725		56 102 128 67 221 88 130 83 8 124 124 0 9 253 54 61 41 21 181 30 48 130 285 54 19 179 40 96 104 410 31 44 157 27 165 273 104 19 58 247 49 27 40 196 78 165 30 79 69 151 	# -136.491164 -0.269040 -1.868784 -0.319367 1.544176 -49.289038 -0.344245 -0.357624 468.299049 467.385385 
60		87.860000	2	304	74.089028		22 31 143 133 232 111 66 40 13 52 34 135 11 38 19 66 48 69 35 72 73 125 103 57 76 124 2 69 21 68 64 89 175 304 21 23 88 176 142 51 288 21 252 30 40 38 126 140 227 10 	# -151.608830 -0.272833 -1.897819 -0.324542 1.551363 -53.363176 -0.349152 -0.363291 508.653825 507.727444 
61		83.600000	5	408	93.074471		40 321 36 13 180 31 92 64 5 182 72 65 107 40 51 175 6 62 61 370 16 67 20 34 61 12 78 18 17 60 26 227 106 29 25 112 408 9 98 20 87 65 37 33 291 39 38 82 21 71 	# -149.216874 -0.276617 -1.926988 -0.329751 1.558364 -53.061209 -0.354049 -0.368987 505.246432 504.307507 
62		82.980000	5	373	72.567629		80 110 231 71 7 150 94 5 159 5 61 90 37 104 272 96 58 44 133 143 187 33 36 33 28 20 141 22 26 96 43 74 49 108 107 32 50 373 22 35 41 113 112 154 7 23 119 65 30 20 	# -151.300976 -0.280389 -1.956290 -0.334993 1.565183 -53.879538 -0.358936 -0.374711 513.040900 512.089599 
63		73.860000	6	414	79.278638		183 43 69 36 18 37 210 61 32 72 138 82 39 52 18 23 15 98 139 44 153 110 145 414 6 43 8 25 54 45 15 13 43 28 13 146 45 302 51 17 47 77 23 21 18 185 18 58 29 132 	# -148.761011 -0.284151 -1.985723 -0.340269 1.571824 -53.543115 -0.363814 -0.380464 509.286759 508.323249 
64		79.760000	4	298	75.470648		68 37 41 31 35 8 124 22 10 179 298 30 10 140 129 61 165 160 16 19 31 107 172 12 100 38 234 51 19 50 237 5 29 163 13 9 228 41 124 93 73 4 150 16 11 196 39 6 59 95 	# -180.682789 -0.288167 -2.015290 -0.345572 1.578560 -61.823401 -0.368983 -0.386228 591.699420 590.723550 
65		74.980000	5	246	59.734614		148 68 36 83 43 16 100 97 169 47 62 246 38 11 23 8 200 5 108 29 38 67 41 97 100 10 12 44 34 61 182 34 75 39 135 99 66 19 156 98 22 207 63 22 124 13 45 32 100 177 	# -176.994209 -0.291961 -2.044972 -0.350916 1.584900 -61.202309 -0.373897 -0.392039 585.096542 584.108739 
66		75.660000	2	254	64.801931		254 80 21 19 24 130 18 36 46 234 2 204 92 42 133 54 29 113 43 23 43 24 208 50 125 25 113 74 74 60 18 146 38 111 204 23 32 24 109 39 96 26 53 7 13 34 177 48 148 44 	# -178.765788 -0.295710 -2.074777 -0.356292 1.591036 -61.947455 -0.378766 -0.397877 592.154978 591.155431 
67		66.940000	3	276	62.492909		175 153 13 24 12 72 59 15 30 70 37 19 13 225 56 61 10 26 33 120 117 3 34 31 49 26 184 85 153 50 57 47 81 31 91 18 57 51 276 19 53 13 131 195 23 116 14 19 86 14 	# -207.190602 -0.299442 -2.104706 -0.361697 1.596999 -69.357101 -0.383618 -0.403741 665.857374 664.846243 
68		87.380000	12	429	86.480832		109 25 246 12 48 34 43 107 319 61 106 27 199 81 183 36 246 16 47 90 25 55 429 80 81 44 85 68 60 262 12 111 150 54 32 48 15 50 18 77 115 25 44 30 159 17 37 47 71 33 	# -185.316799 -0.303164 -2.134758 -0.367132 1.602799 -64.193273 -0.388461 -0.409630 613.823985 612.801422 
69		77.240000	3	319	78.293420		80 106 319 17 59 29 42 143 4 98 34 38 44 26 244 10 70 9 24 41 59 277 58 43 60 23 22 75 17 122 226 38 91 29 6 3 16 129 30 45 40 250 73 94 31 24 44 148 256 96 	# -187.045389 -0.306875 -2.164932 -0.372597 1.608441 -64.931209 -0.393294 -0.415544 620.807207 619.773357 
70		81.120000	1	306	69.054442		50 46 53 44 19 178 69 58 55 63 90 202 20 85 1 139 36 31 182 23 70 61 113 162 49 20 145 91 20 6 6 132 33 253 115 209 28 9 32 10 120 91 26 306 67 187 78 48 70 55 	# -201.123284 -0.310578 -2.195225 -0.378092 1.613930 -68.757624 -0.398120 -0.421484 658.674192 657.629196 
71		81.940000	1	275	61.996514		39 63 69 39 146 92 1 20 133 95 48 11 153 36 70 35 49 44 275 106 11 193 49 35 75 24 37 66 145 111 135 83 20 48 34 28 91 18 128 68 59 41 274 112 117 78 210 97 124 62 	# -217.629887 -0.314273 -2.225638 -0.383615 1.619267 -73.192353 -0.402938 -0.427449 702.623307 701.567305 
72		64.660000	0	252	55.888230		74 49 22 22 108 95 52 52 161 51 3 19 53 25 67 8 46 55 13 41 252 113 207 126 74 84 57 62 40 0 60 68 49 5 5 106 43 49 12 98 36 62 62 7 9 67 44 123 239 58 	# -205.393733 -0.317959 -2.256168 -0.389168 1.624458 -70.442517 -0.407749 -0.433439 674.725764 673.658891 
73		71.380000	3	415	82.269564		8 18 16 17 23 99 19 5 54 220 68 36 63 30 9 58 236 42 38 5 28 155 19 122 66 3 73 120 31 75 415 9 72 60 48 95 68 17 15 150 334 117 125 21 104 38 27 15 69 14 	# -239.542045 -0.321637 -2.286814 -0.394749 1.629504 -79.289907 -0.412553 -0.439453 762.799490 761.721879 
74		72.160000	0	283	64.364510		59 14 75 129 99 24 45 106 192 40 22 33 37 223 115 33 16 66 124 48 62 32 65 22 128 108 20 283 23 94 0 66 61 57 8 77 77 41 13 15 63 263 5 173 26 33 129 12 80 72 	# -204.585424 -0.325308 -2.317574 -0.400358 1.634408 -70.862159 -0.417350 -0.445491 678.120860 677.032641 
75		96.640000	7	345	85.303243		57 51 79 48 105 215 30 55 13 22 49 32 19 44 11 34 191 164 10 66 59 60 176 321 173 28 36 155 77 273 97 7 173 38 33 12 21 40 59 248 106 197 149 207 345 106 32 163 40 106 	# -208.586013 -0.328972 -2.348446 -0.405994 1.639174 -72.174797 -0.422142 -0.451554 690.845109 689.746409 
76		89.360000	3	269	67.319452		150 87 17 199 46 39 122 3 59 198 83 191 19 154 137 17 48 20 19 113 17 65 158 6 26 150 97 61 121 29 19 63 134 269 89 24 26 176 98 209 91 46 77 120 25 104 4 65 206 172 	# -113.279802 -0.331981 -2.378719 -0.411731 1.642397 -48.661353 -0.426198 -0.457869 455.311129 454.204808 
77		114.140000	7	374	91.987357		54 40 294 51 119 170 40 70 7 95 39 238 190 271 43 31 28 219 50 221 28 318 32 184 11 81 230 9 77 123 20 18 80 91 136 40 241 135 31 87 63 179 53 147 45 98 152 374 239 115 	# -117.441782 -0.335572 -2.409344 -0.417459 1.646325 -50.016278 -0.430914 -0.464023 468.459071 467.342999 
78		121.940000	6	422	101.130429		132 255 15 97 19 352 139 18 112 146 134 9 66 92 42 114 69 246 172 6 49 45 405 261 11 56 87 35 273 89 237 68 43 95 37 99 22 422 210 205 96 44 191 131 148 77 72 82 220 52 	# -109.437214 -0.339233 -2.440184 -0.423204 1.650302 -48.330575 -0.435692 -0.470191 451.199632 450.073860 
79		117.180000	5	699	124.445823		192 90 61 127 217 52 40 18 68 5 85 12 31 130 17 67 115 110 37 143 65 283 52 72 190 104 80 25 31 41 78 42 183 505 72 252 203 208 19 188 20 699 181 73 100 51 6 103 238 78 	# -106.350133 -0.342897 -2.471231 -0.428971 1.654262 -47.875280 -0.440475 -0.476375 446.242733 445.107263 
80		122.120000	4	529	117.488104		304 417 9 46 110 176 11 13 12 382 69 101 50 113 42 221 69 37 90 529 70 225 38 156 127 21 29 298 41 114 102 107 395 36 55 154 133 4 139 150 42 194 17 184 52 55 45 133 143 46 	# -93.852416 -0.348035 -2.501105 -0.434453 1.658223 -45.067299 -0.446744 -0.482360 417.770940 416.627805 
81		123.320000	5	556	106.667410		22 123 63 64 5 196 556 302 38 220 118 303 39 146 62 295 48 299 53 52 35 272 253 117 48 96 58 41 7 28 159 171 236 160 57 72 165 33 156 207 59 21 57 119 125 64 57 34 106 149 	# -86.951745 -0.352100 -2.531618 -0.440183 1.661561 -43.660094 -0.451976 -0.488505 403.298340 402.145922 
82		101.760000	4	388	79.166464		222 52 105 126 167 159 73 141 95 66 49 247 71 63 81 16 112 53 90 102 29 87 67 178 82 89 28 88 105 4 102 15 5 279 226 16 73 20 279 388 101 72 58 4 116 101 19 105 120 142 	# -92.896507 -0.355868 -2.562481 -0.445994 1.664739 -45.465190 -0.456878 -0.494729 420.946435 419.785046 
83		134.540000	5	622	134.677121		125 93 314 551 198 60 13 71 57 153 93 79 69 181 49 58 338 32 337 77 418 243 51 11 121 32 169 77 22 52 59 85 136 117 29 95 57 622 318 5 86 17 171 180 22 244 63 159 47 71 	# -81.568277 -0.359566 -2.593654 -0.451851 1.667946 -42.953050 -0.461703 -0.500992 395.419895 394.249521 
84		145.160000	12	774	145.654800		41 65 14 431 204 365 69 206 31 112 12 49 447 18 81 171 83 80 158 52 108 48 23 235 197 236 69 145 190 774 376 159 129 54 305 43 111 51 63 53 90 93 35 254 61 74 23 386 83 101 	# -88.604263 -0.363234 -2.625093 -0.457740 1.671183 -45.032952 -0.466495 -0.507281 415.811856 414.632477 
85		108.300000	2	588	123.990495		42 458 86 334 30 186 79 31 34 41 108 120 13 57 32 220 28 96 158 53 264 37 57 34 211 20 18 24 5 35 212 41 4 341 287 159 9 588 94 117 68 76 23 49 247 82 57 16 32 2 	# -82.134478 -0.366880 -2.656769 -0.463656 1.674431 -43.737387 -0.471264 -0.513592 402.447400 401.259012 
86		121.400000	5	442	88.770973		37 156 99 201 53 202 129 97 17 26 68 85 177 112 18 63 119 157 179 232 28 103 333 97 132 120 5 68 32 100 47 176 185 80 54 53 191 60 174 94 295 95 249 253 66 33 115 34 129 442 	# -90.525985 -0.370509 -2.688654 -0.469596 1.677670 -46.158107 -0.476013 -0.519921 426.244224 425.046838 
87		142.320000	3	574	127.165398		3 53 149 92 184 440 369 123 143 105 66 57 61 16 35 268 46 180 14 31 33 139 215 183 79 24 161 574 432 196 165 121 8 42 89 49 199 94 255 55 95 67 152 49 85 220 113 56 313 418 	# -88.593104 -0.374121 -2.720731 -0.475559 1.680888 -45.998686 -0.480745 -0.526269 424.238157 423.031794 
88		105.040000	9	454	83.230430		26 250 176 56 53 227 30 53 52 44 104 216 9 155 90 65 93 20 309 73 168 20 30 60 78 454 35 112 74 80 34 66 167 17 153 80 64 131 69 131 42 132 103 128 57 188 66 188 121 103 	# -101.736835 -0.377719 -2.752982 -0.481544 1.684075 -49.609366 -0.485463 -0.532635 459.931726 458.716417 
89		144.140000	0	910	146.300782		107 40 113 215 141 339 70 87 175 235 40 910 24 63 64 108 21 213 315 48 29 199 0 42 172 372 57 46 120 2 183 268 57 157 137 114 43 285 127 238 37 249 42 223 99 93 38 105 293 52 	# -93.855301 -0.381305 -2.785396 -0.487550 1.687222 -47.964672 -0.490169 -0.539019 443.070245 441.846026 
90		124.560000	0	429	91.014724		41 145 85 59 183 71 20 52 115 215 167 65 142 27 52 150 266 41 184 161 130 121 203 73 171 32 90 16 429 89 188 214 31 270 23 59 55 294 95 0 233 146 302 52 48 191 159 44 181 48 	# -94.848593 -0.384880 -2.817961 -0.493579 1.690324 -48.539621 -0.494865 -0.545421 448.403947 447.170859 
91		124.220000	6	465	110.847991		152 59 83 40 35 82 60 17 40 14 110 123 75 156 349 233 29 465 324 96 351 81 304 89 306 15 62 151 291 33 40 321 123 30 53 113 77 9 129 6 142 227 107 219 35 133 23 40 91 68 	# -103.100710 -0.388447 -2.850669 -0.499629 1.693376 -50.930207 -0.499552 -0.551841 471.892819 470.650907 
92		135.320000	6	707	144.105749		44 270 221 98 15 199 208 409 23 38 117 21 181 171 449 10 109 8 77 179 362 70 479 46 63 106 42 108 68 36 6 213 13 126 133 76 310 14 707 57 21 31 203 259 51 70 44 65 59 81 	# -105.847750 -0.392006 -2.883513 -0.505700 1.696376 -51.945450 -0.504232 -0.558280 481.627096 480.376405 
93		149.360000	6	621	129.217703		55 117 137 39 219 205 510 121 165 140 159 208 53 20 341 90 110 54 107 508 38 26 242 262 60 36 184 33 255 48 286 44 621 78 173 72 6 35 91 156 225 113 147 18 63 112 209 140 196 141 	# -100.859771 -0.395558 -2.916487 -0.511792 1.699321 -51.027858 -0.508906 -0.564737 472.031898 470.772476 
94		150.700000	7	535	119.029622		39 110 26 20 56 247 176 227 166 535 344 298 259 158 291 24 215 157 15 452 62 32 7 138 37 23 141 187 68 50 293 110 228 155 61 212 105 267 94 148 77 7 32 308 196 122 71 198 267 24 	# -199.677003 -0.399114 -2.949646 -0.517903 1.702283 -76.062494 -0.513584 -0.571204 721.957649 720.689458 
95		114.780000	3	606	108.613580		70 372 42 171 166 17 64 306 159 85 162 39 147 43 132 104 154 13 111 193 49 31 232 10 115 130 8 47 3 122 25 135 606 36 27 32 51 140 95 75 97 58 238 92 64 26 113 316 74 142 	# -170.599411 -0.402640 -2.982946 -0.524035 1.705182 -69.124333 -0.518227 -0.577694 652.154200 650.877355 
96		203.480000	5	757	161.669383		59 335 208 49 244 171 389 309 19 114 343 48 24 95 251 413 368 40 78 80 105 55 458 340 158 452 133 413 193 757 36 253 223 206 57 361 230 141 335 15 70 5 505 104 246 308 221 29 49 79 	# -193.890403 -0.406155 -3.016385 -0.530186 1.708042 -75.279237 -0.522861 -0.584201 713.280180 711.994712 
97		134.740000	2	660	156.189421		2 66 660 5 200 156 212 39 71 21 55 15 6 294 582 38 220 91 195 226 13 181 68 462 72 18 111 45 9 60 56 49 313 146 59 503 96 370 29 36 52 188 46 320 25 59 11 4 48 134 	# -172.987685 -0.409664 -3.049958 -0.536358 1.710861 -70.386629 -0.527489 -0.590727 663.929860 662.635803 
98		141.620000	4	517	128.366804		256 67 35 416 406 140 119 317 243 100 110 103 29 75 22 114 52 57 235 271 146 8 4 26 233 62 7 61 58 96 154 308 15 71 61 64 86 128 444 41 237 225 380 517 30 45 143 126 34 104 	# -186.614264 -0.413167 -3.083658 -0.542550 1.713638 -74.127257 -0.532113 -0.597270 700.910746 699.608137 
99		194.760000	8	777	172.138003		465 206 99 98 280 116 556 97 46 287 484 176 22 250 104 103 116 382 135 367 190 73 478 491 65 356 119 10 381 16 129 107 129 35 15 327 135 31 57 192 382 94 62 45 8 283 156 34 172 777 	# -185.772329 -0.416666 -3.117481 -0.548763 1.716371 -74.251663 -0.536733 -0.603831 701.728305 700.417177 
100		166.280000	8	689	173.912486		289 27 83 62 320 55 520 106 223 27 210 11 132 111 280 689 41 51 524 33 68 133 306 29 181 153 162 41 41 125 194 26 184 605 23 16 658 75 36 43 97 22 157 422 181 123 8 87 110 214 	# -189.524034 -0.420161 -3.151423 -0.554995 1.719059 -75.525384 -0.541351 -0.610411 714.037899 712.718290 
101		189.880000	0	806	180.411168		61 80 358 205 38 193 84 208 138 94 8 288 240 72 204 448 38 171 65 267 358 10 244 97 656 201 124 216 33 275 89 760 16 36 387 286 287 311 77 8 130 94 17 82 158 84 243 0 149 806 	# -200.108104 -0.423653 -3.185481 -0.561248 1.721702 -78.508096 -0.545967 -0.617008 743.436321 742.108268 
102		156.140000	0	595	149.852037		272 189 23 170 67 0 137 52 183 29 37 104 162 48 490 229 126 94 270 17 57 272 11 443 42 595 132 402 162 280 51 58 80 59 126 47 15 114 168 241 28 80 53 569 14 208 166 163 13 459 	# -211.509408 -0.427144 -3.219652 -0.567521 1.724300 -81.696014 -0.550581 -0.623624 774.885720 773.549260 
103		118.280000	4	607	133.418941		87 472 46 5 32 126 357 297 36 15 607 231 28 467 166 20 4 164 42 151 45 22 35 116 21 415 96 79 128 142 81 30 50 80 96 23 102 52 44 39 15 42 150 62 171 126 108 21 69 101 	# -211.976865 -0.430632 -3.253934 -0.573813 1.726853 -82.151362 -0.555195 -0.630258 779.008369 777.663537 
104		172.860000	2	1022	189.588815		346 187 195 22 155 40 57 69 92 173 258 32 93 32 92 58 51 59 152 199 704 89 90 2 56 199 129 36 129 12 675 18 91 186 203 192 292 104 89 267 147 307 105 17 255 1022 114 62 342 347 	# -159.172317 -0.434683 -3.288334 -0.579887 1.729937 -69.289435 -0.560320 -0.636589 649.957556 648.603626 
105		167.640000	9	658	150.882271		103 334 52 301 209 27 22 54 225 28 658 188 154 103 55 259 130 193 613 28 45 169 37 46 210 268 452 53 162 95 25 87 193 328 69 75 313 110 25 415 9 225 105 50 163 263 419 154 66 15 	# -167.292187 -0.438268 -3.322863 -0.586116 1.732548 -71.659535 -0.565046 -0.643155 673.225720 671.863341 
106		160.020000	10	755	148.654302		59 32 368 12 10 177 106 371 64 107 32 18 368 97 48 196 29 217 755 14 70 125 130 378 308 26 20 19 276 68 166 27 203 357 110 17 187 91 209 192 106 471 328 176 223 43 246 145 47 157 	# -178.428634 -0.441755 -3.357513 -0.592410 1.735036 -74.784742 -0.569665 -0.649786 704.043477 702.672759 
107		140.580000	3	568	116.516284		172 289 48 94 300 80 138 192 87 363 236 3 86 57 58 56 135 189 257 29 5 280 203 153 148 30 252 218 63 10 382 172 32 76 37 155 32 98 22 83 63 45 56 104 168 74 316 82 568 233 	# -172.376566 -0.445232 -3.392272 -0.598746 1.737478 -73.613747 -0.574273 -0.656457 691.898106 690.519089 
108		174.620000	31	625	133.998460		174 197 314 497 350 108 267 154 439 157 283 169 123 42 105 199 97 68 625 138 65 113 219 195 58 107 73 45 103 44 325 220 84 238 88 34 346 110 197 282 100 127 146 40 487 177 74 58 31 39 	# -180.562446 -0.448713 -3.427132 -0.605112 1.739881 -76.003147 -0.578886 -0.663157 715.355638 713.968351 
109		160.940000	11	414	113.115691		164 195 47 116 328 375 66 257 135 37 32 294 169 137 414 17 68 101 65 346 36 182 115 11 21 206 229 129 73 219 294 126 81 29 349 110 158 68 184 403 153 82 328 86 99 339 44 245 182 103 	# -181.778504 -0.452199 -3.462090 -0.611504 1.742244 -76.650985 -0.583505 -0.669882 721.396535 720.001008 
110		184.460000	5	675	159.796964		12 165 14 326 28 32 97 34 279 160 67 28 58 267 277 97 19 675 172 191 338 126 239 7 159 255 433 35 5 137 44 19 10 129 16 344 312 275 361 111 162 111 462 501 257 455 83 93 430 316 	# -246.409573 -0.455703 -3.497176 -0.617913 1.744611 -93.153458 -0.588135 -0.676623 885.982696 884.578947 
111		207.760000	3	692	169.540503		429 3 227 510 9 200 320 270 322 78 367 318 282 315 235 75 692 169 132 71 60 225 603 87 228 44 159 271 97 455 253 8 93 52 478 33 304 72 113 99 134 28 567 85 42 339 85 58 104 188 	# -230.682742 -0.459208 -3.532385 -0.624342 1.746963 -89.567351 -0.592771 -0.683382 849.681846 848.269863 
112		177.460000	12	730	150.723183		142 28 55 434 170 392 158 105 185 69 46 48 325 520 28 114 35 299 185 144 169 325 145 71 116 200 465 79 148 184 730 59 163 390 175 12 70 180 86 94 283 119 126 43 137 45 28 454 190 105 	# -246.489793 -0.462713 -3.567711 -0.630791 1.749293 -93.865598 -0.597407 -0.690159 892.223410 890.803207 
113		181.380000	1	618	162.283311		224 92 39 110 78 189 371 91 90 278 25 148 25 1 136 22 26 365 28 68 210 118 72 143 281 618 51 492 7 320 524 51 58 315 6 450 314 347 169 52 37 129 395 322 60 122 133 22 503 342 	# -226.733659 -0.466218 -3.603150 -0.637259 1.751598 -89.273932 -0.602045 -0.696954 845.864717 844.436310 
114		145.540000	3	617	148.788332		135 8 82 61 37 364 469 128 246 345 141 9 324 7 21 13 192 42 130 190 121 100 564 100 43 68 195 415 47 26 134 172 388 61 339 19 64 94 78 22 68 125 76 94 92 51 67 3 617 90 	# -245.694024 -0.469723 -3.638700 -0.643746 1.753878 -94.362271 -0.606684 -0.703766 896.304970 894.868373 
115		143.480000	9	550	111.616186		243 23 550 126 211 113 54 333 75 232 96 72 139 38 9 166 141 93 40 69 289 76 224 21 143 312 290 15 15 258 305 127 15 224 36 215 134 105 88 246 182 127 84 326 63 139 167 67 45 13 	# -232.683753 -0.473228 -3.674357 -0.650252 1.756132 -91.458829 -0.611326 -0.710596 866.826324 865.381554 
116		169.120000	7	597	158.344450		112 369 76 42 426 85 113 216 38 103 37 75 90 59 87 123 7 84 397 30 431 246 14 180 139 57 93 308 186 260 7 408 39 48 561 117 597 270 86 50 111 116 58 128 497 466 248 8 22 136 	# -234.427153 -0.473054 -3.709722 -0.656344 1.754238 -92.243604 -0.611453 -0.717076 874.217475 872.769559 
117		181.820000	6	730	171.157129		291 228 178 210 354 28 15 311 94 693 197 150 38 97 226 94 13 63 103 447 16 53 331 558 332 50 214 168 52 68 87 57 209 374 157 426 141 195 162 268 7 287 6 16 14 43 32 138 730 70 	# -246.769272 -0.475910 -3.745568 -0.662584 1.755749 -95.679526 -0.615425 -0.723652 908.130363 906.674931 
118		189.340000	1	943	189.602550		109 194 26 121 265 115 37 148 123 132 528 332 475 688 91 94 8 411 11 1 59 33 36 220 316 20 943 336 37 245 222 133 114 158 77 372 184 44 83 501 30 43 186 159 77 396 18 161 183 172 	# -274.398388 -0.479175 -3.781624 -0.668959 1.757758 -102.938573 -0.619826 -0.730353 980.272356 978.808962 
119		223.540000	5	793	197.924146		96 131 107 145 148 436 26 167 120 163 124 353 645 111 480 13 5 729 189 135 161 202 95 28 267 376 168 275 130 631 107 156 60 793 96 20 228 141 443 185 7 108 220 358 61 597 211 142 50 538 	# -276.136076 -0.482554 -3.817828 -0.675428 1.759905 -103.725870 -0.624343 -0.737145 987.695457 986.223954 
120		194.900000	11	701	200.093269		96 286 599 173 19 365 37 45 91 141 70 596 55 128 241 22 119 228 240 30 110 198 425 44 93 415 24 30 232 228 20 28 111 690 701 613 43 228 34 184 55 28 18 403 91 11 57 421 572 57 	# -225.224799 -0.484900 -3.853960 -0.682111 1.760803 -91.351820 -0.627736 -0.744252 863.502878 862.025025 
121		173.920000	16	634	143.335462		62 204 201 79 95 16 415 310 199 42 45 168 310 61 22 439 31 66 634 101 200 323 270 251 185 110 525 151 31 79 112 211 273 397 23 188 125 89 16 48 113 340 174 169 16 88 400 75 117 97 	# -261.972943 -0.488195 -3.890276 -0.688734 1.762702 -100.893702 -0.632150 -0.751201 958.469924 956.984178 
122		160.240000	9	742	138.624373		742 137 9 131 82 235 12 138 88 139 30 243 137 17 125 230 111 78 60 86 44 54 67 27 194 238 12 154 176 102 312 30 273 385 9 252 210 30 64 187 105 180 268 95 394 105 165 463 368 219 	# -247.129998 -0.491654 -3.926701 -0.695366 1.764745 -97.538729 -0.636742 -0.758155 924.467579 922.973807 
123		198.380000	3	821	193.103112		86 119 54 37 84 119 264 215 55 86 36 66 111 139 483 36 443 21 97 276 25 82 337 62 3 757 562 821 71 136 94 273 82 395 255 138 273 423 142 169 159 198 200 195 131 680 70 309 28 22 	# -246.806365 -0.495148 -3.963232 -0.702016 1.766801 -97.814480 -0.641372 -0.765125 926.771391 925.269567 
124		160.900000	20	1002	160.678186		52 169 20 182 157 23 57 114 442 224 23 32 30 77 115 101 142 154 312 23 86 86 158 59 161 255 160 55 41 217 99 210 104 256 40 1002 453 324 103 41 111 77 81 133 157 247 73 175 301 331 	# -241.052540 -0.498650 -3.999865 -0.708684 1.768840 -96.733569 -0.646013 -0.772114 915.507495 913.997624 
125		172.160000	11	674	157.479945		281 131 23 60 47 110 140 198 214 98 114 330 134 105 11 28 115 267 36 97 41 93 20 210 173 127 51 100 337 562 166 170 143 25 35 655 59 258 69 316 11 134 414 163 674 39 394 297 54 279 	# -205.814242 -0.502137 -4.036566 -0.715485 1.770805 -88.282499 -0.650698 -0.779269 830.541838 829.024098 
126		212.420000	18	870	194.723256		39 55 113 333 551 102 103 201 73 162 444 161 100 115 279 194 165 281 318 97 675 247 171 106 73 96 26 64 18 105 105 18 41 72 342 870 125 100 323 32 324 114 605 527 379 255 19 608 58 237 	# -189.331914 -0.505656 -4.073357 -0.722244 1.772762 -84.521280 -0.655353 -0.786347 792.472873 790.947148 
127		181.960000	4	760	167.590970		561 81 142 106 102 60 98 19 348 88 395 19 69 173 313 74 760 227 14 127 225 500 55 92 267 70 24 474 84 23 26 4 173 50 224 153 360 93 237 18 118 200 364 179 421 54 191 164 448 31 	# -213.211181 -0.509193 -4.110242 -0.728997 1.774706 -90.851277 -0.660029 -0.793418 855.315197 853.781490 
128		150.460000	2	577	129.767014		45 53 577 454 38 230 152 170 135 406 109 508 154 164 148 207 120 189 76 45 47 110 227 202 260 133 2 166 13 54 85 365 196 106 107 109 27 124 88 362 155 199 22 47 63 29 34 47 53 111 	# -208.395871 -0.512730 -4.147226 -0.735755 1.776625 -90.008475 -0.664709 -0.800494 846.428474 844.886797 
129		136.740000	2	455	123.340877		18 117 58 174 330 338 64 349 2 30 95 208 24 106 89 434 85 60 105 396 139 71 102 379 135 55 183 33 52 99 53 161 27 107 51 233 61 19 344 455 67 46 40 54 36 241 24 202 235 51 	# -209.465345 -0.516266 -4.184313 -0.742525 1.778524 -90.637725 -0.669391 -0.807581 852.261191 850.711553 
130		178.320000	9	727	155.757195		112 390 169 128 37 124 100 257 201 146 54 189 276 119 230 298 71 9 132 727 32 48 327 44 250 31 138 611 93 102 611 47 140 253 33 415 140 221 190 291 56 144 90 25 10 223 189 167 192 34 	# -185.693749 -0.519803 -4.221502 -0.749308 1.780404 -85.057571 -0.674074 -0.814681 795.998774 794.441182 
131		163.520000	2	909	192.308770		148 48 221 37 270 232 80 131 35 16 15 48 21 53 23 148 72 89 6 440 40 408 404 209 428 112 189 168 136 307 28 41 135 81 766 10 16 550 62 102 2 138 116 84 29 295 18 26 234 909 	# -224.596469 -0.523342 -4.258794 -0.756107 1.782268 -95.146863 -0.678762 -0.821797 896.429724 894.864183 
132		175.980000	8	671	152.836646		58 36 102 73 15 40 165 135 101 213 82 29 69 142 59 156 467 107 146 195 104 91 8 62 185 30 268 212 137 387 671 288 182 233 45 427 295 162 24 374 156 90 54 82 630 457 68 165 225 297 	# -215.936087 -0.526883 -4.296187 -0.762923 1.784117 -93.346248 -0.683454 -0.828928 877.960510 876.387023 
133		153.240000	17	423	105.724432		362 89 17 352 86 115 252 51 50 44 181 153 117 290 423 62 64 111 74 40 169 271 178 222 181 196 279 114 283 56 128 181 244 47 274 116 338 308 45 64 37 30 26 151 81 113 279 126 36 156 	# -198.746678 -0.530427 -4.333681 -0.769756 1.785950 -89.414247 -0.688151 -0.836076 838.176340 836.594912 
134		164.800000	9	1233	211.330093		158 151 212 302 125 47 191 325 415 9 30 166 497 239 280 41 79 128 153 75 39 366 72 197 141 51 95 28 12 42 115 26 37 1233 312 93 32 21 25 62 177 25 87 25 46 107 127 215 766 43 	# -214.271390 -0.533975 -4.371274 -0.776606 1.787768 -93.661645 -0.692854 -0.843241 880.185085 878.595718 
135		169.400000	14	601	142.883855		156 294 85 14 129 156 492 171 29 354 137 151 98 69 29 83 144 36 49 107 284 601 155 184 183 52 90 55 43 561 23 104 85 280 305 122 154 353 32 169 38 281 89 69 317 282 53 30 435 258 	# -216.533963 -0.537527 -4.408966 -0.783473 1.789571 -94.594380 -0.697563 -0.850423 889.046105 887.448802 
136		186.820000	3	802	172.270396		211 382 33 289 52 257 540 6 127 27 221 278 248 460 323 19 391 3 29 79 455 245 159 161 30 173 141 67 576 182 246 802 23 72 251 352 246 5 74 292 137 28 174 150 30 28 95 15 51 106 	# -207.397549 -0.541084 -4.446756 -0.790357 1.791360 -92.678238 -0.702278 -0.857622 869.417278 867.812043 
137		158.320000	5	764	176.223587		31 158 50 16 441 28 340 335 163 29 764 64 34 109 321 49 22 151 124 590 477 29 160 291 381 8 23 14 22 594 165 269 158 265 63 220 88 44 20 47 19 65 10 117 250 5 112 44 86 51 	# -211.828379 -0.544644 -4.484643 -0.797260 1.793134 -94.154778 -0.706999 -0.864838 883.714187 882.101022 
138		164.540000	16	493	120.130407		61 219 134 70 34 69 157 19 121 80 312 81 167 84 317 128 86 412 16 24 165 287 89 106 210 385 114 321 120 56 205 356 36 217 195 42 89 164 127 29 53 107 96 192 493 280 165 427 344 166 	# -517.336524 -0.546126 -4.521964 -0.803939 1.792099 -170.900577 -0.709157 -0.871931 1650.700009 1649.082948 
139		154.500000	9	562	140.212703		13 114 45 84 71 339 66 52 85 117 53 171 160 9 514 221 18 209 101 273 100 145 510 179 79 423 117 72 160 81 89 45 65 349 106 40 17 47 478 268 68 177 124 76 562 98 123 116 45 251 	# -522.116256 -0.549395 -4.559746 -0.810718 1.793218 -172.465700 -0.713582 -0.879037 1665.882365 1664.257915 
140		190.660000	6	626	146.070099		357 280 166 65 277 168 6 100 207 124 123 80 539 72 199 335 193 74 270 626 179 432 18 46 47 584 164 152 340 353 28 279 26 102 261 29 320 124 254 139 182 29 216 81 66 323 121 92 118 167 	# -511.278984 -0.552879 -4.597731 -0.817581 1.794645 -170.127684 -0.718234 -0.886220 1642.031574 1640.399488 
141		155.160000	3	629	119.887083		201 94 159 208 391 168 142 13 116 73 36 115 81 141 54 227 157 3 148 60 40 164 149 210 371 39 109 107 227 139 172 101 343 214 18 180 55 141 305 222 80 73 629 81 214 229 11 140 4 404 	# -545.172824 -0.556421 -4.635878 -0.824504 1.796184 -178.973436 -0.722946 -0.893461 1730.016947 1728.377106 
142		187.800000	3	788	169.971786		206 225 211 22 254 112 43 416 83 69 123 240 156 169 532 90 94 788 159 613 321 324 115 44 115 129 166 34 64 6 108 321 75 117 32 330 84 91 223 3 482 205 140 24 89 570 127 235 189 22 	# -539.917752 -0.559988 -4.674160 -0.831468 1.797769 -178.032890 -0.727683 -0.900742 1720.138013 1718.490364 
143		148.580000	6	496	144.624650		32 10 361 22 19 376 10 101 30 6 96 74 59 90 118 34 284 10 183 41 269 152 62 74 157 33 17 100 468 445 66 496 81 47 134 20 18 417 71 328 13 228 331 42 94 206 341 392 112 259 	# -534.881268 -0.563568 -4.712560 -0.838462 1.799375 -177.147894 -0.732434 -0.908053 1710.813333 1709.157847 
144		166.920000	14	882	169.491778		190 42 33 14 233 199 35 882 21 81 41 213 106 66 246 261 39 128 37 543 110 89 267 222 113 32 50 67 41 41 32 97 16 155 265 135 132 254 641 341 149 65 343 201 238 116 149 111 29 435 	# -552.949409 -0.567157 -4.751071 -0.845480 1.800989 -182.039942 -0.737196 -0.915387 1759.257915 1757.594574 
145		148.880000	7	502	125.502523		111 387 173 85 165 314 502 154 293 107 43 20 82 69 97 59 105 48 44 54 402 33 180 91 12 82 193 11 34 7 88 269 273 96 20 250 129 257 90 89 276 36 236 37 107 222 109 433 65 405 	# -538.682791 -0.570753 -4.789687 -0.852520 1.802603 -178.849179 -0.741967 -0.922742 1726.873248 1725.202040 
146		138.480000	10	461	109.890157		103 81 299 15 34 22 32 186 166 246 461 78 244 87 16 133 296 60 372 82 12 167 322 197 241 188 213 44 179 32 129 312 15 56 85 292 71 148 64 10 15 32 103 170 270 156 74 30 77 207 	# -573.278201 -0.574355 -4.828405 -0.859578 1.804213 -187.874800 -0.746745 -0.930116 1816.651284 1814.972202 
147		494.580000	27	2161	499.027875		58 143 543 965 635 268 189 89 359 630 626 461 34 1645 40 341 455 401 273 1340 1197 172 1009 119 304 236 511 1827 1378 175 1240 688 70 477 84 27 224 160 249 185 175 259 289 132 248 2161 530 116 213 779 	# -545.760267 -0.577963 -4.867222 -0.866655 1.805817 -181.372958 -0.751532 -0.937508 1751.153590 1749.466626 
148		530.900000	55	1175	352.991371		883 215 752 58 349 292 774 1146 818 422 346 71 737 166 55 943 465 403 652 87 1175 1013 1148 357 558 577 712 149 261 847 92 1015 843 108 701 1026 995 99 328 846 995 253 266 654 717 121 506 75 90 384 	# -385.497175 -0.577685 -4.899376 -0.873484 1.796350 -141.679647 -0.751545 -0.945655 1353.786395 1352.114809 
149		474.380000	3	2232	433.904339		40 563 599 167 131 514 456 391 2232 611 527 358 96 352 811 721 181 144 129 234 1560 1517 511 588 73 281 32 58 279 700 550 282 68 196 392 3 492 57 855 314 478 830 712 27 393 356 1117 273 438 1030 	# -379.056729 -0.580836 -4.934847 -0.880660 1.793668 -140.447172 -0.756055 -0.953180 1341.001009 1339.324950 
150		478.080000	14	1795	424.951418		1326 63 169 258 41 241 1795 393 139 710 320 1038 121 99 1064 691 49 303 364 1125 344 170 840 408 181 307 1520 720 204 278 24 336 256 566 712 278 1070 125 248 64 330 227 188 14 149 1099 907 660 937 433 	# -388.871830 -0.584279 -4.971327 -0.887914 1.792191 -143.279472 -0.760753 -0.960782 1368.859313 1367.178289 
151		484.660000	8	1573	378.086623		451 206 40 574 667 320 548 468 653 8 131 1072 372 795 206 319 14 1434 524 1283 454 680 305 585 621 303 333 605 1167 809 138 770 719 115 63 34 148 197 911 174 574 22 90 906 562 409 34 457 390 1573 	# -391.382623 -0.587801 -5.008629 -0.895213 1.791519 -144.286713 -0.765518 -0.968413 1378.461501 1376.774758 
152		582.900000	16	2382	580.232088		454 167 82 1147 883 62 658 188 163 534 167 945 144 91 152 1540 18 38 611 501 41 878 484 1276 642 596 100 196 2382 207 1880 163 609 80 99 1032 142 16 390 1666 1288 289 1590 413 452 1239 242 1693 376 139 	# -417.027320 -0.591313 -5.046566 -0.902535 1.791380 -151.078344 -0.770265 -0.976056 1445.903243 1444.210297 
153		480.800000	15	2380	460.754971		756 534 63 1665 1325 454 261 459 329 170 856 491 87 401 286 550 367 62 22 527 384 673 107 416 580 43 15 401 85 203 281 967 1294 230 156 641 787 708 64 144 463 199 1350 322 103 331 398 420 230 2380 	# -400.252896 -0.594801 -5.085005 -0.909867 1.791626 -147.266075 -0.774981 -0.983701 1407.302412 1405.602910 
154		472.240000	6	2355	508.112657		866 6 1306 1482 2355 51 215 619 49 7 676 103 1094 79 1007 276 413 80 131 382 814 102 270 747 86 247 196 259 1598 165 268 453 6 21 76 958 298 366 871 167 713 122 186 201 109 335 188 526 473 1594 	# -379.007347 -0.598268 -5.123849 -0.917206 1.792165 -142.336896 -0.779670 -0.991347 1357.529474 1355.823144 
155		574.480000	15	3117	558.215533		78 299 1626 300 381 344 471 3117 625 198 321 779 495 1195 101 21 42 951 473 356 788 1642 229 362 437 15 309 920 163 631 308 683 714 483 395 1424 231 86 1057 611 509 766 93 1343 541 1214 95 331 42 129 	# -423.908335 -0.601716 -5.163027 -0.924549 1.792927 -153.945224 -0.784339 -0.998994 1473.129014 1471.415643 
156		615.160000	5	4322	683.268118		88 321 433 1131 802 81 214 121 877 260 316 177 5 1198 348 58 317 708 398 614 92 205 952 297 50 908 233 734 389 4322 137 504 1064 416 1924 1005 1243 20 752 1073 600 925 931 1161 28 419 958 88 214 647 	# -503.150726 -0.605957 -5.202365 -0.931995 1.794549 -174.139851 -0.789983 -1.006757 1674.593655 1672.872546 
157		651.240000	10	2314	529.925238		456 805 273 555 422 216 642 2314 329 1323 839 1001 1151 1136 222 887 831 142 461 10 94 265 1228 1113 642 313 12 452 1302 743 104 1005 1322 56 1454 1907 315 1434 357 54 73 141 1276 207 473 643 404 253 113 792 	# -533.393076 -0.609529 -5.241940 -0.939423 1.795646 -182.085330 -0.794786 -1.014484 1753.561147 1751.832652 
158		406.640000	19	1860	419.432696		76 1081 1320 588 211 19 953 488 196 327 70 798 1557 81 277 420 984 23 141 388 197 74 84 182 110 238 81 638 129 222 1038 479 64 530 31 705 343 292 127 154 170 279 155 868 148 125 450 38 1860 523 	# -531.998610 -0.613002 -5.281722 -0.946832 1.796761 -182.122371 -0.799484 -1.022191 1753.442592 1751.706699 
159		421.620000	18	1413	382.043372		589 1411 131 378 329 85 550 32 138 588 204 970 254 77 617 191 624 241 40 1413 146 146 808 396 684 351 72 281 192 91 54 1282 1312 401 211 205 227 18 387 650 705 226 94 1153 716 20 302 71 417 601 	# -596.859989 -0.616450 -5.321696 -0.954233 1.797950 -198.724217 -0.804155 -1.029891 1918.970344 1917.226973 
160		465.480000	16	1736	403.251288		324 501 516 201 347 325 446 382 197 1004 126 77 38 63 692 59 225 1435 740 294 921 1736 16 639 195 50 28 1240 711 177 964 169 109 105 229 1118 785 511 231 724 75 513 33 737 529 209 677 244 1118 489 	# -574.373554 -0.619888 -5.361843 -0.961634 1.799213 -193.489982 -0.808818 -1.037590 1866.135634 1864.384706 
161		457.320000	14	1981	491.723310		1885 18 74 194 174 78 131 636 214 902 133 141 399 681 108 757 1290 84 168 1205 464 869 1301 64 230 105 577 175 389 1456 756 156 272 64 62 277 171 14 41 314 859 273 33 524 1148 1981 163 102 592 162 	# -544.884240 -0.623322 -5.402150 -0.969042 1.800542 -186.505917 -0.813480 -1.045295 1795.801064 1794.042503 
162		558.400000	13	3666	601.645160		1292 669 524 125 709 195 444 3666 458 194 764 320 206 481 213 1932 469 234 369 505 676 98 274 112 527 909 552 487 101 583 525 922 1120 433 101 916 535 13 264 49 932 24 65 712 173 431 84 1070 1420 43 	# -547.225045 -0.626758 -5.442602 -0.976460 1.801928 -187.480284 -0.818145 -1.053011 1805.049314 1803.283053 
163		489.880000	12	1622	415.912552		66 606 25 612 282 902 783 558 1408 877 433 1513 1486 580 259 110 504 684 102 125 108 169 182 76 645 856 330 445 293 109 40 496 1622 161 707 171 423 86 1271 105 476 12 226 154 432 862 712 505 331 574 	# -515.223976 -0.630197 -5.483189 -0.983889 1.803362 -179.870092 -0.822816 -1.060738 1728.450549 1726.676528 
164		597.360000	7	3557	604.110740		109 390 1217 650 103 355 208 836 1382 1297 249 931 626 687 1957 231 471 25 104 365 44 24 562 7 954 893 445 1046 503 49 3557 501 277 789 840 448 182 690 233 131 1145 863 26 752 962 800 218 90 445 199 	# -559.659860 -0.633641 -5.523902 -0.991332 1.804836 -191.370055 -0.827494 -1.068479 1842.951946 1841.170114 
165		584.120000	27	2125	478.108887		379 678 915 817 647 125 184 118 1881 1064 2125 86 268 383 27 278 623 917 472 178 127 147 285 61 452 1580 555 370 30 788 207 147 410 489 792 394 911 730 962 765 418 1195 187 658 103 636 1631 338 737 936 	# -541.132652 -0.637091 -5.564735 -0.998789 1.806346 -187.130169 -0.832182 -1.076235 1800.053492 1798.263798 
166		573.540000	7	2262	566.724358		431 233 77 603 99 274 1568 128 7 269 1419 211 383 640 166 249 1638 685 100 794 2262 498 166 1189 520 165 406 1265 160 112 573 433 261 781 153 282 439 822 595 1861 1215 553 158 61 11 1957 77 118 1353 257 	# -592.200316 -0.640549 -5.605681 -1.006261 1.807886 -200.289927 -0.836879 -1.084007 1931.150167 1929.352569 
167		593.160000	15	2366	536.772949		861 987 219 71 247 200 77 505 337 35 35 183 1431 263 825 366 1920 564 475 2366 1015 795 1710 492 622 552 478 15 216 53 372 190 204 265 608 16 198 220 1168 1505 420 988 1032 99 1080 1259 98 485 549 987 	# -551.768856 -0.644015 -5.646738 -1.013749 1.809451 -190.575835 -0.841587 -1.091796 1833.507050 1831.701507 
168		432.920000	10	1346	366.334064		525 538 77 1122 617 1346 54 24 337 1041 205 174 82 104 208 272 159 455 59 161 10 135 83 550 546 190 231 62 222 885 355 12 366 1141 197 297 658 960 436 1065 395 974 897 35 75 887 634 697 819 272 	# -383.611874 -0.649422 -5.686355 -1.020741 1.811354 -148.929774 -0.848215 -1.099104 1416.560072 1414.748406 
169		503.220000	8	1791	408.477376		386 148 324 258 565 258 819 517 789 941 188 135 317 883 555 161 281 171 90 1791 115 242 208 370 1469 345 260 213 609 28 888 217 132 1341 47 174 845 706 430 415 8 913 1127 893 583 1264 597 717 256 172 	# -386.655379 -0.653318 -5.726727 -1.028121 1.812460 -150.085647 -0.853446 -1.106789 1427.620242 1425.800837 
170		443.580000	9	1611	416.530916		38 417 592 92 984 1611 141 27 761 438 396 1133 386 96 52 95 123 520 85 204 88 874 416 1362 76 1544 265 331 435 725 201 13 56 9 319 630 585 61 858 19 408 287 126 590 70 969 172 1124 661 714 	# -385.812675 -0.656883 -5.767410 -1.035608 1.813463 -150.270912 -0.858291 -1.114587 1428.971711 1427.144815 
171		449.240000	5	2413	461.601319		642 685 47 272 34 323 423 479 2413 168 499 53 774 226 473 418 541 88 1098 654 130 150 5 1134 164 1906 62 372 79 750 538 135 733 846 139 281 253 66 312 566 61 10 536 50 777 385 867 164 538 143 	# -405.003855 -0.660410 -5.808357 -1.043147 1.814605 -155.465648 -0.863091 -1.122436 1480.415549 1478.581030 
172		467.840000	17	1896	446.947395		498 46 73 495 241 334 695 953 85 246 485 337 769 338 722 528 255 201 1179 532 391 775 190 97 116 444 180 111 251 211 1864 788 402 731 243 17 1157 97 678 300 181 245 200 1896 356 78 172 385 1736 88 	# -394.136327 -0.663938 -5.849521 -1.050718 1.815875 -153.146680 -0.867890 -1.130316 1456.720364 1454.878093 
173		523.820000	10	2244	543.143747		430 180 62 281 295 184 228 33 493 88 187 131 1797 427 1265 741 1177 10 370 35 505 670 208 1013 187 105 15 386 1167 479 22 2244 27 780 220 625 179 382 762 491 1427 849 808 79 323 1152 174 61 2172 265 	# -451.314036 -0.667473 -5.890869 -1.058312 1.817246 -167.839976 -0.872697 -1.138218 1603.146075 1601.295946 
174		506.740000	19	1499	368.822883		367 481 401 155 834 128 532 248 37 652 673 1499 343 231 126 399 577 853 91 470 154 231 631 275 19 343 1424 734 25 179 295 966 495 939 145 166 897 388 873 136 603 535 1028 940 469 1375 672 499 77 727 	# -404.395926 -0.671015 -5.932379 -1.065924 1.818694 -156.510268 -0.877511 -1.146138 1489.340115 1487.482045 
175		572.760000	17	2295	527.631193		1635 338 47 560 309 824 1021 431 573 32 97 262 100 2025 202 37 72 1769 642 695 593 2295 146 25 959 327 1006 370 511 1120 405 200 360 1444 275 237 255 349 608 140 787 1249 298 748 454 407 561 549 17 272 	# -403.522726 -0.674563 -5.974035 -1.073552 1.820202 -156.692736 -0.882334 -1.154075 1490.654392 1488.788308 
176		544.600000	14	2046	533.139603		141 93 213 827 809 182 427 907 208 1275 437 434 479 15 1204 103 875 1229 344 580 574 550 99 107 685 35 665 1021 1710 323 22 126 2046 81 677 493 92 381 1146 14 156 504 513 27 51 22 1886 1868 104 470 	# -384.721607 -0.678118 -6.015824 -1.081197 1.821758 -152.394174 -0.887166 -1.162029 1447.156914 1445.282757 
177		448.640000	22	2215	416.354478		1108 1146 269 72 129 1412 385 534 140 30 272 362 143 291 615 257 230 521 253 209 22 33 1054 44 353 668 93 891 370 80 531 140 458 939 289 179 435 269 144 214 324 366 414 672 386 368 2215 322 1089 692 	# -395.254928 -0.681681 -6.057739 -1.088858 1.823355 -155.430174 -0.892009 -1.169999 1477.003660 1475.121377 
178		531.460000	15	1908	490.777775		104 185 1581 204 210 133 825 1908 68 1212 318 229 52 289 120 496 523 600 1611 1093 698 929 61 460 225 285 938 15 130 1378 25 620 483 412 169 793 114 145 343 98 740 680 152 467 58 521 725 449 819 1880 	# -390.274857 -0.685252 -6.099773 -1.096535 1.824984 -154.588783 -0.896862 -1.177986 1468.075119 1466.184662 
179		549.320000	4	2777	520.067595		156 621 447 824 485 104 291 99 319 582 899 121 301 193 461 178 548 494 153 161 388 1651 232 122 326 4 524 1010 573 374 829 948 269 313 482 312 1625 154 249 1445 359 2777 551 1486 191 1321 300 396 247 571 	# -588.789861 -0.688809 -6.141872 -1.104195 1.826568 -204.622051 -0.901678 -1.185955 1967.891963 1965.993432 
180		557.400000	50	1773	441.437494		1274 370 50 519 144 691 340 1727 240 148 266 183 563 1093 248 349 1024 91 55 117 492 1193 106 360 817 709 783 705 578 447 247 634 666 334 63 670 751 208 359 482 1208 1159 57 1515 455 1773 73 259 868 407 	# -598.197596 -0.692398 -6.184109 -1.111890 1.828229 -207.379505 -0.906556 -1.193963 1994.949369 1993.042597 
181		525.220000	3	2074	433.476610		62 81 476 391 1226 593 783 695 112 2074 426 587 521 853 822 409 161 199 282 715 40 368 611 53 523 1315 227 302 133 165 440 3 179 1013 670 880 1073 312 444 526 1768 381 25 266 985 453 147 773 471 247 	# -641.757923 -0.695994 -6.226462 -1.119610 1.829919 -218.676092 -0.911442 -1.201996 2107.396710 2105.481656 
182		446.260000	16	1882	424.449502		574 159 285 178 287 399 60 1061 236 104 419 46 16 235 1318 145 26 718 974 279 1613 936 17 158 487 208 673 546 596 139 315 340 445 358 155 483 513 640 281 35 145 263 456 352 1882 941 1407 121 137 152 	# -614.397612 -0.699602 -6.268926 -1.127351 1.831635 -212.243500 -0.916343 -1.210051 2042.550928 2040.627552 
183		375.180000	7	1450	370.699102		475 37 94 493 1072 15 352 272 418 78 607 226 142 335 270 16 77 634 31 376 1076 76 1105 231 7 25 316 97 41 489 26 503 447 1404 81 581 464 254 335 1450 142 1037 314 898 63 624 217 126 28 282 	# -633.907391 -0.703219 -6.311497 -1.135112 1.833373 -217.529411 -0.921257 -1.218127 2094.888859 2092.957123 
184		380.780000	4	1834	383.874570		376 229 81 593 4 29 202 513 471 408 411 211 637 106 280 302 881 40 341 538 1501 126 373 505 1480 1040 1834 201 470 140 62 158 566 221 7 38 155 454 146 212 446 182 155 464 305 502 29 80 267 267 	# -619.979038 -0.706848 -6.354174 -1.142891 1.835130 -214.456769 -0.926185 -1.226222 2063.639968 2061.699838 
185		502.580000	8	2495	467.403164		689 848 558 57 434 209 607 155 716 461 53 364 1722 817 512 32 147 62 342 728 292 839 251 720 1172 2495 49 305 8 455 256 648 1477 181 278 46 920 411 204 132 542 317 491 166 938 36 213 660 586 528 	# -652.669236 -0.710487 -6.396955 -1.150688 1.836903 -223.039748 -0.931127 -1.234336 2148.945996 2146.997438 
186		419.660000	5	1293	304.848548		447 1155 232 552 307 218 266 309 56 239 290 386 315 844 363 105 371 999 342 314 166 264 5 398 68 255 696 452 282 50 649 968 124 211 345 159 1293 540 443 131 588 714 324 493 39 493 697 1163 250 613 	# -628.764717 -0.714136 -6.439838 -1.158504 1.838692 -217.475034 -0.936082 -1.242470 2092.773798 2090.816781 
187		502.120000	4	2184	469.518844		4 197 1234 1281 743 96 137 67 917 220 471 425 129 709 270 351 35 473 1043 2184 792 91 78 22 493 785 782 67 976 383 198 111 928 172 1049 117 170 253 565 569 850 539 169 1936 402 476 285 347 186 329 	# -637.070339 -0.717796 -6.482824 -1.166337 1.840494 -219.963844 -0.941050 -1.250623 2117.135553 2115.170047 
188		504.900000	77	2021	424.214773		740 186 202 77 187 103 494 793 214 592 434 955 121 597 448 116 755 768 512 144 2021 819 981 1224 521 1343 124 278 329 776 140 260 83 580 539 606 209 216 148 584 142 352 357 106 1580 265 98 890 148 1088 	# -659.988287 -0.721465 -6.525912 -1.174189 1.842310 -226.106726 -0.946033 -1.258795 2178.036752 2176.062727 
189		517.860000	13	1905	475.839924		66 675 110 452 146 113 540 184 301 520 477 14 200 122 290 186 316 794 157 112 841 107 518 1435 377 559 1101 827 603 1905 235 310 953 161 387 13 1462 156 94 1578 155 437 1379 336 286 38 1210 933 1372 350 	# -629.312789 -0.725145 -6.569102 -1.182059 1.844138 -218.852242 -0.951029 -1.266986 2104.962998 2102.980424 
190		514.940000	7	2476	480.200868		110 1086 211 336 75 358 953 690 130 325 123 61 1044 1277 70 194 744 678 985 104 65 570 120 483 924 1751 687 532 562 395 533 201 227 53 457 513 7 634 480 2476 672 48 219 134 260 737 110 1315 678 350 	# -635.818578 -0.728836 -6.612395 -1.189947 1.845977 -220.894077 -0.956038 -1.275197 2124.851151 2122.859999 
191		422.520000	4	1624	376.229752		316 394 110 246 190 8 702 272 522 224 248 75 532 117 183 59 294 927 125 462 694 564 1262 326 1414 90 651 1624 779 388 207 853 217 1410 296 144 34 119 214 506 605 400 443 253 4 144 625 345 379 130 	# -660.688293 -0.732536 -6.655789 -1.197853 1.847829 -227.527895 -0.961061 -1.283427 2190.657839 2188.658081 
192		499.440000	31	2771	507.465216		2027 407 628 208 398 48 1007 131 39 272 31 401 360 128 143 525 2771 291 320 298 571 120 260 99 1547 598 200 461 149 329 118 517 359 281 397 1071 693 420 1096 285 423 951 259 702 852 515 715 302 105 144 	# -672.750602 -0.736248 -6.699286 -1.205778 1.849691 -230.960865 -0.966098 -1.291677 2224.454759 2222.446367 
193		461.660000	28	1823	433.567574		391 260 93 720 307 75 870 276 62 94 142 584 566 242 241 170 1411 79 582 28 217 1077 524 410 266 888 959 514 96 71 1823 288 363 266 270 705 67 434 168 473 1144 1503 1542 606 401 42 42 185 174 372 	# -645.526358 -0.739969 -6.742886 -1.213722 1.851565 -224.573204 -0.971149 -1.299947 2160.044070 2158.027016 
194		559.540000	1	2652	545.055219		136 932 117 42 1183 359 236 702 246 286 711 2652 253 232 47 517 1015 259 1 491 2028 628 93 430 285 568 584 384 168 907 1673 206 602 358 868 368 293 94 162 506 39 1027 536 508 365 656 514 149 2006 555 	# -660.799053 -0.743701 -6.786588 -1.221684 1.853449 -228.810788 -0.976213 -1.308236 2201.884535 2199.858791 
195		481.820000	9	1508	379.598590		265 792 805 115 113 212 764 908 145 115 240 9 388 763 683 69 73 629 651 476 1271 1125 1113 535 1121 996 531 150 103 626 332 103 571 709 521 301 306 228 150 195 286 506 88 153 223 1122 802 1508 70 131 	# -656.033698 -0.747443 -6.830394 -1.229665 1.855343 -228.039873 -0.981291 -1.316545 2193.638704 2191.604243 
196		463.340000	46	1960	483.748063		195 298 277 423 282 195 218 51 54 1805 533 351 77 388 201 88 562 55 1838 81 114 46 1044 271 103 236 104 502 445 772 198 309 321 92 960 1960 162 782 1058 136 221 658 925 211 242 559 69 343 760 1592 	# -650.113154 -0.751195 -6.874304 -1.237665 1.857248 -226.981176 -0.986383 -1.324874 2182.513757 2180.470552 
197		491.000000	14	2417	511.265058		325 702 1066 387 143 711 1053 14 151 170 76 1541 145 1461 922 102 532 1391 322 122 204 80 709 413 377 223 2417 304 486 107 267 1734 612 308 147 190 330 44 378 239 84 546 572 1209 145 600 209 56 115 109 	# -664.921588 -0.754958 -6.918317 -1.245683 1.859162 -231.105744 -0.991489 -1.333223 2223.220143 2221.168166 
198		613.840000	19	2444	585.074088		395 873 83 163 1202 920 281 184 209 36 1021 438 348 88 734 109 19 116 96 1215 503 1077 468 2329 227 174 1226 218 245 1217 419 31 1631 1076 245 394 499 584 96 119 75 2444 614 1914 1186 269 485 792 581 1024 	# -734.804935 -0.758731 -6.962434 -1.253720 1.861086 -249.000061 -0.996608 -1.341592 2401.622722 2399.561945 
199		513.160000	31	2372	524.107652		160 31 1509 575 79 1983 778 137 1544 616 2372 272 45 611 569 724 189 255 213 367 641 903 495 124 521 50 262 1047 1037 663 63 79 139 1011 565 198 526 142 106 72 48 218 989 82 533 398 1324 230 110 53 	# -682.876292 -0.762514 -7.006656 -1.261777 1.863020 -236.442407 -1.001741 -1.349981 2275.504263 2273.434661 
200		560.460000	13	3056	606.178737		229 13 194 182 281 173 1570 61 41 58 939 287 568 1189 519 65 451 320 1780 3056 74 572 41 798 210 860 779 917 170 1689 18 698 524 102 1351 748 49 61 905 1362 143 426 264 137 60 383 1124 182 162 1238 	# -734.290745 -0.766308 -7.050983 -1.269852 1.864964 -249.721555 -1.006888 -1.358390 2407.752510 2405.674055 
201		411.420000	13	1661	370.315260		779 30 127 1661 195 539 560 374 762 691 177 89 848 581 877 27 356 17 891 498 39 394 211 159 13 458 232 32 1395 163 57 812 443 572 296 532 794 206 853 722 279 118 40 91 73 66 517 97 59 769 	# -645.342152 -0.770112 -7.095415 -1.277947 1.866917 -227.910973 -1.012048 -1.366820 2189.102132 2187.014798 
202		592.560000	2	2955	582.207627		201 194 530 477 259 356 705 1544 153 309 432 372 1110 78 891 612 134 147 714 720 821 102 54 459 332 65 876 57 1223 1237 479 745 26 1270 863 367 2 627 2955 62 99 557 49 1212 732 894 159 2306 942 118 	# -716.032279 -0.773927 -7.139952 -1.286061 1.868879 -246.011105 -1.017223 -1.375269 2369.557572 2367.461332 
203		598.260000	9	3313	726.114226		452 1224 231 329 757 30 1076 384 38 332 568 3247 124 127 161 508 83 2215 3313 181 450 87 9 296 422 134 428 1030 233 912 844 59 1809 390 445 175 893 297 53 243 84 727 1337 319 332 1376 321 67 323 438 	# -692.192680 -0.777752 -7.184596 -1.294194 1.870850 -240.479842 -1.022411 -1.383740 2313.697742 2311.592570 
204		497.400000	12	2423	518.946106		845 109 152 33 1015 320 2423 1170 66 175 63 757 1179 442 313 654 303 580 433 95 298 89 1446 318 255 44 498 400 961 135 61 237 400 222 108 13 247 570 12 332 766 273 133 1186 1204 875 82 189 2036 353 	# -703.418517 -0.781587 -7.229346 -1.302347 1.872830 -243.715979 -1.027612 -1.392230 2345.510571 2343.396439 
205		681.260000	25	2408	607.192697		2051 624 25 2408 94 934 85 560 876 176 193 49 1546 759 1939 250 1559 789 1228 900 245 294 1444 260 840 218 420 616 1018 201 356 568 1396 247 152 69 714 68 45 1418 1515 1101 412 465 62 25 574 585 1545 145 	# -711.963059 -0.785432 -7.274202 -1.310519 1.874819 -246.282836 -1.032828 -1.400741 2370.629259 2368.506142 
206		458.900000	9	1821	457.663955		1121 220 197 756 168 257 70 127 300 208 318 390 1821 464 86 74 168 9 761 677 366 559 1526 516 1723 122 283 143 1001 106 540 217 1258 591 663 134 522 1420 121 1039 100 67 308 279 221 218 155 42 450 63 	# -704.891087 -0.789288 -7.319165 -1.318710 1.876817 -244.946610 -1.038057 -1.409272 2356.715782 2354.583653 
207		491.980000	32	1918	489.067354		1141 70 161 715 215 898 1911 921 495 149 1061 227 95 78 294 268 206 360 32 307 473 176 230 104 201 1657 345 157 117 169 257 207 1158 734 1918 335 145 1639 836 596 1004 177 85 378 328 588 187 245 173 376 	# -720.230418 -0.793154 -7.364236 -1.326921 1.878823 -249.214259 -1.043301 -1.417825 2398.839713 2396.698546 
208		552.080000	30	1998	472.517912		921 297 1667 502 100 230 314 84 997 85 660 687 425 1058 405 325 1133 188 527 33 129 477 248 354 259 927 188 779 769 226 1180 226 30 119 45 110 970 1318 405 721 100 1227 169 976 140 637 1520 424 295 1998 	# -766.240980 -0.797030 -7.409415 -1.335152 1.880839 -261.150767 -1.048558 -1.426397 2517.650892 2515.500661 
209		512.760000	9	2385	586.314520		1056 274 116 415 571 292 447 2057 521 173 278 214 461 82 191 215 155 244 2385 250 187 9 893 1508 46 110 139 160 88 112 1753 53 148 400 376 639 33 173 687 443 1892 73 1559 983 91 1182 19 524 925 36 	# -740.590872 -0.800917 -7.454701 -1.343402 1.882862 -255.173164 -1.053828 -1.434991 2457.319598 2455.160277 
210		592.560000	18	1960	453.638765		689 393 102 381 1960 587 798 1753 488 607 984 815 533 486 156 531 57 197 898 615 27 479 1260 559 531 18 206 1131 234 1676 691 774 20 29 267 565 811 512 879 635 241 108 1301 172 865 497 1045 199 108 758 	# -732.680992 -0.804814 -7.500096 -1.351672 1.884894 -253.631675 -1.059113 -1.443605 2441.348097 2439.179660 
211		468.160000	30	1393	376.665789		821 887 305 215 507 922 120 248 116 111 164 129 110 181 1054 935 1393 1054 141 32 104 769 48 969 529 618 568 629 30 547 158 152 52 374 396 965 330 450 61 453 117 501 1046 698 961 146 44 499 449 1300 	# -776.901658 -0.808722 -7.545600 -1.359962 1.886935 -265.123884 -1.064411 -1.452240 2555.712214 2553.534634 
212		372.980000	6	1936	366.470562		643 123 305 1936 232 407 491 63 846 115 668 117 367 257 144 64 388 42 644 1130 64 95 152 1097 23 371 6 113 459 232 149 362 335 264 67 74 310 648 458 464 15 418 349 118 1013 145 323 236 993 314 	# -765.467892 -0.812639 -7.591213 -1.368272 1.888983 -262.703548 -1.069723 -1.460896 2530.949529 2528.762781 
213		490.800000	18	1704	421.930548		887 27 416 371 100 28 381 461 115 193 551 47 706 455 148 1067 1308 18 208 1276 712 555 671 290 85 411 996 1704 312 210 57 727 339 60 671 50 1044 1572 496 773 745 225 178 461 1108 295 250 620 108 52 	# -751.876928 -0.816567 -7.636935 -1.376602 1.891040 -259.744980 -1.075049 -1.469573 2500.803148 2498.607206 
214		444.820000	3	1979	461.023028		715 1250 290 573 93 259 384 1572 255 1227 209 670 347 213 170 25 848 196 322 3 45 122 150 245 1191 28 137 479 1573 286 315 156 143 44 146 167 74 47 897 92 576 324 945 423 214 359 70 1979 480 913 	# -749.319710 -0.820506 -7.682768 -1.384951 1.893105 -259.545918 -1.080389 -1.478271 2498.250464 2496.045301 
215		459.220000	6	1944	477.228533		147 831 368 972 262 6 297 252 628 100 415 454 214 376 249 301 276 142 776 811 73 719 63 322 65 160 1912 131 24 352 70 1365 35 150 356 220 254 445 818 552 121 200 1836 229 63 237 857 1115 1944 396 	# -732.194236 -0.824454 -7.728710 -1.393321 1.895178 -255.705864 -1.085743 -1.486990 2459.286491 2457.072082 
216		348.560000	6	1632	353.372969		36 506 29 1321 519 302 277 423 29 1151 362 79 222 1632 619 159 272 438 360 745 24 584 171 1173 395 142 229 182 656 153 97 287 167 113 102 142 6 386 251 268 350 60 20 720 74 496 64 461 54 120 	# -779.838567 -0.828414 -7.774763 -1.401711 1.897259 -268.059338 -1.091110 -1.495731 2582.256412 2580.032732 
217		417.660000	16	2870	485.500189		168 236 236 223 364 352 39 16 60 313 241 783 113 137 403 119 777 80 380 174 528 121 232 550 224 302 197 55 572 351 318 61 586 72 1533 2870 911 927 52 91 252 899 125 930 562 507 1231 45 155 410 	# -750.736840 -0.832383 -7.820927 -1.410121 1.899348 -261.227375 -1.096492 -1.504492 2513.370592 2511.137614 
218		429.160000	3	1662	389.093156		407 1033 352 614 1051 19 802 47 265 3 345 634 1662 531 1094 1191 6 218 127 72 382 36 311 22 660 443 650 197 288 265 79 131 12 443 410 129 1274 141 1070 43 240 489 667 573 321 349 862 100 123 275 	# -720.505074 -0.836363 -7.867202 -1.418552 1.901444 -254.113984 -1.101887 -1.513275 2441.669106 2439.426804 
219		510.860000	19	1892	471.268631		114 264 29 174 285 231 382 138 1582 110 413 1052 319 869 166 339 186 673 1586 503 245 1892 941 541 162 247 1091 1229 565 837 37 514 1678 490 24 210 469 414 33 111 339 440 1197 332 452 164 547 80 19 828 	# -762.687965 -0.840353 -7.913588 -1.427002 1.903549 -265.105342 -1.107297 -1.522079 2551.013716 2548.762066 
220		459.000000	2	1832	437.815169		243 466 69 97 65 136 1252 21 484 265 922 144 316 302 1161 279 633 308 85 490 711 204 92 1293 937 114 389 447 88 521 132 319 66 91 986 914 1382 855 532 61 418 213 108 1340 58 2 1832 120 438 549 	# -772.239754 -0.844354 -7.960087 -1.435474 1.905661 -267.940012 -1.112720 -1.530904 2578.790058 2576.529032 
221		449.700000	5	2011	456.751540		177 700 446 146 411 798 913 44 376 9 22 755 34 609 454 85 118 145 121 1889 642 121 601 1115 24 335 208 9 483 106 992 210 164 2011 890 295 594 105 96 1380 264 5 191 313 220 295 233 1054 520 757 	# -862.675363 -0.848364 -8.006697 -1.443965 1.907781 -290.996726 -1.118157 -1.539751 2808.785452 2806.515026 
222		407.660000	12	1360	371.464812		49 312 101 172 468 322 76 215 70 93 242 246 1069 1055 1224 1293 60 417 242 905 96 96 178 615 62 73 216 578 267 336 153 997 242 85 1012 688 158 247 557 746 12 497 690 133 586 1360 60 406 57 549 	# -805.102845 -0.852386 -8.053421 -1.452477 1.909908 -277.052502 -1.123608 -1.548620 2668.770064 2666.490212 
223		478.740000	5	2456	487.211759		550 644 6 146 17 291 17 115 867 851 425 286 5 727 2079 681 46 467 600 669 708 188 254 598 112 276 213 470 916 287 270 177 1151 150 650 362 71 371 1273 504 167 349 724 57 217 34 2456 67 1010 366 	# -849.850222 -0.856418 -8.100257 -1.461010 1.912043 -288.689348 -1.129073 -1.557510 2784.563974 2782.274669 
224		484.880000	37	1588	366.555931		50 814 364 246 202 200 501 76 906 566 383 132 248 72 38 871 1182 642 123 391 417 488 210 895 397 448 640 37 549 237 199 977 165 274 398 1153 1065 732 976 266 523 877 515 277 1588 493 131 182 46 1082 	# -819.924913 -0.860460 -8.147206 -1.469563 1.914185 -281.659121 -1.134552 -1.566422 2713.685750 2711.386968 
225		577.980000	10	2502	491.810254		596 388 90 361 522 950 205 525 208 577 1117 349 515 2502 88 129 770 122 614 858 10 93 1120 290 1224 67 310 965 96 854 961 327 198 1600 120 43 951 200 1124 702 177 897 177 994 694 160 358 1107 1273 321 	# -778.886981 -0.864512 -8.194269 -1.478137 1.916335 -271.851841 -1.140045 -1.575355 2615.035582 2612.727296 
226		554.060000	25	1973	424.808068		486 962 1015 127 65 1271 523 1353 795 185 147 220 273 199 154 803 197 482 724 381 1973 635 152 565 25 827 1472 716 736 27 266 942 255 305 327 398 594 134 826 778 568 300 219 134 291 1321 404 617 1073 461 	# -844.015663 -0.868575 -8.241446 -1.486732 1.918492 -288.587318 -1.145552 -1.584310 2781.811581 2779.493766 
227		527.160000	9	1868	502.374418		60 1114 99 1437 652 33 480 195 62 186 420 303 140 118 660 1410 426 620 117 343 1345 580 497 127 248 1733 425 173 9 328 433 647 345 1331 173 1868 1261 1265 51 971 1372 606 417 345 55 64 40 486 60 228 	# -813.008057 -0.872649 -8.288737 -1.495347 1.920657 -281.289832 -1.151073 -1.593287 2708.256522 2705.929152 
228		603.920000	34	1977	500.823397		999 1156 262 223 377 1324 1913 144 556 543 963 970 1260 50 477 265 1463 596 142 1211 1087 91 262 60 390 680 1977 85 855 373 1712 490 170 289 375 224 365 373 306 321 282 1269 34 300 150 706 190 606 753 527 	# -814.702656 -0.876733 -8.336143 -1.503984 1.922829 -282.169007 -1.156608 -1.602286 2716.466663 2714.129713 
229		434.760000	19	1345	400.876161		327 113 1345 19 224 23 59 408 590 177 50 1290 687 1053 731 56 298 122 21 214 273 1314 374 81 1145 520 171 701 255 183 162 268 266 887 776 484 35 586 78 1174 1279 106 199 173 878 98 104 508 250 603 	# -833.585653 -0.880827 -8.383663 -1.512641 1.925008 -287.346396 -1.162158 -1.611307 2767.657510 2765.310954 
230		610.900000	4	2734	597.907277		342 356 505 307 522 157 168 596 918 128 121 2734 408 1584 116 628 331 380 1343 173 282 114 1738 1306 254 658 1826 498 678 399 116 1483 516 4 172 680 417 28 904 105 229 466 1219 1951 240 278 128 1333 76 630 	# -865.541866 -0.884932 -8.431299 -1.521319 1.927194 -295.793205 -1.167721 -1.620349 2851.541135 2849.184948 
231		584.760000	32	2458	622.303278		645 2458 135 1125 433 253 165 289 381 324 975 347 199 1376 270 633 218 98 716 173 55 298 2432 437 812 270 91 106 1349 782 1251 486 2394 305 512 111 32 1784 209 1165 49 122 259 427 325 549 1018 230 75 90 	# -841.906876 -0.889048 -8.479051 -1.530019 1.929388 -290.343332 -1.173299 -1.629414 2796.456514 2794.090670 
232		451.400000	6	1717	430.164136		410 62 567 55 670 6 588 633 506 157 1717 847 399 38 677 511 483 322 20 656 67 314 336 229 1036 549 57 169 1147 91 138 366 82 347 925 215 114 555 133 430 1607 547 61 1056 38 557 40 1701 159 180 	# -893.326300 -0.893174 -8.526918 -1.538739 1.931588 -303.658186 -1.178890 -1.638501 2929.017719 2926.642192 
233		519.240000	29	2401	491.165152		708 565 505 29 1565 914 707 105 97 265 290 401 451 1413 720 254 287 80 475 118 344 386 281 147 432 129 682 54 435 225 60 45 362 155 2401 1161 109 1807 364 885 317 39 537 855 168 1080 1066 555 302 630 	# -884.126255 -0.897310 -8.574902 -1.547481 1.933796 -301.819297 -1.184496 -1.647610 2910.040067 2907.654831 
234		464.640000	10	2801	617.383477		72 1019 1010 344 30 10 333 344 135 2764 163 159 2011 260 42 108 528 311 790 2801 157 104 354 196 183 410 56 30 861 392 490 94 105 1500 1123 169 219 137 359 314 156 410 369 32 396 520 99 338 128 297 	# -804.890659 -0.901457 -8.623002 -1.556244 1.936011 -282.472649 -1.190116 -1.656742 2715.983377 2713.588407 
235		473.480000	5	2132	493.994102		468 932 161 323 562 894 5 1353 22 882 241 254 448 256 62 324 576 465 123 427 317 190 250 78 120 1497 23 1444 221 96 62 126 198 900 87 858 594 450 1979 886 206 404 737 158 260 40 150 2132 256 177 	# -849.093902 -0.905615 -8.671219 -1.565028 1.938233 -293.986842 -1.195750 -1.665895 2830.533648 2828.128918 
236		482.340000	14	2307	495.559408		115 133 393 14 464 270 309 53 356 162 346 1580 503 524 443 37 318 24 236 667 119 1531 877 47 80 197 27 821 263 967 322 675 963 639 225 226 1388 123 40 24 444 643 40 1114 267 797 304 1476 2307 224 	# -802.692052 -0.909783 -8.719553 -1.573834 1.940462 -282.850896 -1.201399 -1.675071 2718.581082 2716.166566 
237		549.120000	3	1940	440.886289		131 191 1940 430 773 304 473 322 143 1201 1131 12 775 166 63 336 1107 232 709 813 808 3 80 683 310 532 12 381 378 1467 169 419 967 516 318 460 499 839 169 1337 680 870 250 129 641 1473 303 195 243 1073 	# -917.680761 -0.913961 -8.768005 -1.582661 1.942698 -312.063727 -1.207061 -1.684270 3010.114829 3007.690501 
238		594.280000	36	1883	434.771206		419 163 1233 475 200 463 1066 324 220 951 1174 622 953 564 376 1883 328 76 781 580 36 417 134 140 39 350 77 1344 555 523 264 1327 779 332 582 1449 556 1020 417 870 1401 284 690 888 82 483 383 968 387 86 	# -856.666606 -0.918151 -8.816575 -1.591509 1.944941 -297.276982 -1.212738 -1.693490 2861.651358 2859.217193 
239		534.180000	34	2791	544.476708		61 1032 616 151 396 185 227 238 281 185 875 1195 989 178 172 344 112 1317 2791 365 457 505 161 212 680 265 673 341 257 193 1367 215 697 912 34 1392 199 83 1807 378 671 243 681 141 128 34 82 1476 168 547 	# -861.681742 -0.922351 -8.865263 -1.600379 1.947191 -298.998702 -1.218430 -1.702734 2878.271083 2875.827056 
240		505.960000	23	3064	546.171310		3064 23 44 658 95 1528 405 674 831 85 341 1515 296 616 523 685 1625 313 67 686 264 59 167 377 514 396 437 816 144 388 216 96 197 390 1187 927 129 129 44 82 210 273 535 168 112 394 302 1076 975 220 	# -908.161940 -0.926561 -8.914069 -1.609271 1.949448 -311.087834 -1.224135 -1.712000 2998.563460 2996.109544 
241		506.640000	12	2952	612.318403		1000 160 86 36 164 412 559 280 162 2952 209 55 349 262 72 359 278 864 1174 1930 95 1030 719 183 1036 173 536 244 491 405 28 60 155 2318 231 60 585 181 12 302 87 379 239 337 1782 450 21 1035 228 567 	# -895.664858 -0.930782 -8.962994 -1.618184 1.951711 -308.433795 -1.229855 -1.721288 2971.422655 2968.958826 
242		471.540000	5	1507	421.465674		288 148 61 260 689 248 305 694 537 155 438 478 67 546 851 8 51 1507 153 508 17 32 1387 1504 1273 224 388 106 503 331 557 309 5 1135 6 154 1152 899 936 310 410 316 788 413 111 54 882 170 1051 162 	# -889.528095 -0.935014 -9.012039 -1.627119 1.953982 -307.370987 -1.235590 -1.730600 2960.192694 2957.718925 
243		723.440000	1	2735	663.524361		54 1175 815 1075 221 463 293 125 1847 499 689 84 828 248 596 429 36 2598 203 170 864 1592 434 2735 1776 222 800 281 1404 400 216 677 1338 308 1063 630 1980 1490 307 392 68 852 1441 8 272 1096 404 604 1 69 	# -824.033584 -0.939257 -9.061203 -1.636076 1.956259 -291.469897 -1.241338 -1.739934 2800.578437 2798.094702 
244		489.500000	2	2160	483.483797		879 35 503 311 577 586 621 1831 2160 921 601 227 198 119 476 436 155 53 2 546 417 554 320 297 952 594 30 142 372 202 53 223 35 1145 812 26 19 686 26 33 187 989 10 1082 108 622 1682 260 947 413 	# -970.307138 -0.943510 -9.110487 -1.645054 1.958543 -328.511981 -1.247102 -1.749291 3170.394438 3167.900711 
245		606.660000	44	2456	578.011426		353 536 1477 372 1331 202 49 424 337 191 77 1694 105 151 2456 493 46 73 1001 1518 614 267 90 1026 132 44 215 872 999 804 1486 55 998 304 74 125 1213 243 323 279 98 492 1485 1437 203 98 1152 1412 253 654 	# -572.971050 -0.970450 -9.151429 -1.649306 1.974689 -229.644054 -1.276068 -1.753128 2181.229537 2178.721450 
246		466.940000	18	1688	406.098732		1233 1212 386 372 1157 512 218 1295 487 310 911 1143 30 185 113 526 1164 307 621 194 473 263 36 195 1688 29 91 214 601 268 138 18 674 378 304 147 689 123 464 440 53 174 779 926 810 45 315 93 225 318 	# -607.931167 -0.979314 -9.195818 -1.656893 1.976420 -238.856049 -1.287000 -1.761128 2272.778980 2270.260171 
247		490.600000	4	2875	540.337574		179 95 153 219 906 326 24 214 16 735 634 4 21 148 578 200 1226 199 224 135 19 1376 146 2875 903 102 1052 194 1278 350 872 50 312 239 491 524 227 804 667 607 168 28 610 1420 848 141 127 328 1473 63 	# -538.345739 -0.984512 -9.241540 -1.665334 1.975756 -221.932789 -1.293874 -1.770003 2102.964812 2100.438510 
248		629.280000	9	3039	647.417004		1115 803 499 171 40 760 157 273 513 462 186 1415 916 87 143 304 403 77 810 90 573 2965 320 1112 164 130 140 591 1534 92 35 939 370 299 751 416 9 3039 323 1331 1856 648 513 469 584 914 61 632 869 561 	# -555.994526 -0.989113 -9.288327 -1.674125 1.975464 -226.819715 -1.300072 -1.779219 2151.244343 2148.710315 
249		607.020000	26	2520	637.000544		157 124 250 59 1891 781 94 462 580 2520 417 253 318 110 920 927 894 1987 804 472 295 656 2169 83 26 30 56 262 2036 313 325 1069 635 1090 1915 278 37 686 697 618 171 42 71 95 249 1135 533 489 197 73 	# -551.357954 -0.993631 -9.335903 -1.683082 1.975766 -226.136737 -1.306159 -1.788589 2143.819135 2141.276864 
250		528.660000	7	3635	610.549021		58 853 1281 613 846 1278 22 267 1503 158 1752 241 1052 926 215 243 352 203 3635 569 372 657 32 266 413 331 375 352 283 325 273 480 324 680 157 147 61 740 54 66 75 103 291 695 96 1005 961 715 30 7 	# -574.846751 -0.998141 -9.384079 -1.692123 1.976543 -232.486392 -1.312226 -1.798033 2206.715866 2204.164924 
251		511.160000	23	2231	460.816727		792 417 443 810 966 150 782 542 629 2231 80 463 1052 79 220 106 1539 200 1455 297 31 283 24 48 303 338 64 713 1037 159 170 100 47 479 951 23 1016 582 795 838 297 107 294 230 1005 406 112 235 825 793 	# -601.658351 -1.002649 -9.432724 -1.701212 1.977668 -239.667957 -1.318285 -1.807518 2277.928129 2275.368194 
252		523.460000	25	1790	448.690212		925 266 991 228 465 97 96 34 170 299 166 820 1016 426 751 948 393 80 1095 389 132 364 507 1790 179 570 33 1505 147 844 484 124 369 245 96 1095 731 1048 1396 702 117 62 736 722 25 608 140 54 230 1463 	# -595.248199 -1.007153 -9.481747 -1.710329 1.979048 -238.545252 -1.324336 -1.817028 2266.094682 2263.525511 
253		689.760000	4	2977	643.459957		10 334 135 266 1013 556 360 1157 1556 93 65 355 738 988 380 1277 348 683 66 1366 711 623 1202 181 359 93 4 282 268 1502 1061 1852 794 1219 906 64 190 1075 220 836 122 557 1326 246 36 94 1666 2977 132 2144 	# -618.119882 -1.011653 -9.531084 -1.719467 1.980618 -244.744156 -1.330381 -1.826554 2327.474702 2324.896112 
254		511.540000	20	1703	427.740633		20 201 172 1384 465 753 28 180 90 1312 70 660 271 537 745 147 208 1271 37 517 98 187 552 393 1340 1703 822 474 407 315 236 1134 427 777 206 714 712 645 104 611 136 267 516 1352 259 56 216 1144 343 363 	# -556.143798 -1.016150 -9.580688 -1.728623 1.982332 -229.732263 -1.336425 -1.836096 2176.744405 2174.156250 
255		530.160000	7	3217	546.243175		778 536 263 335 423 247 1165 365 950 136 160 1111 343 158 345 1014 27 248 90 463 809 1360 117 736 153 90 424 774 95 424 7 3217 418 271 1240 566 55 338 107 1145 1140 808 1048 22 788 193 95 610 39 262 	# -582.966187 -1.020646 -9.630525 -1.737795 1.984158 -236.921133 -1.342468 -1.845652 2248.019597 2245.421760 
256		389.140000	13	1248	332.466663		1034 125 454 1092 13 487 346 137 164 965 70 681 804 113 441 22 101 885 213 661 600 464 623 548 1248 228 506 124 63 471 65 349 53 268 377 647 501 68 478 497 18 53 134 471 308 64 14 111 1155 143 	# -591.962886 -1.025144 -9.680568 -1.746983 1.986071 -239.654729 -1.348515 -1.855225 2274.740054 2272.132438 
257		472.720000	5	2347	476.134737		877 1576 564 5 538 309 138 736 2347 787 752 23 776 858 264 450 70 132 111 193 109 303 369 194 1192 197 320 1603 617 539 116 906 111 181 328 97 176 1230 20 462 172 53 369 335 93 889 292 10 300 547 	# -583.580890 -1.029645 -9.730797 -1.756188 1.988053 -238.044804 -1.354568 -1.864814 2258.023416 2255.405941 
258		458.420000	7	1508	385.362702		505 271 172 257 24 207 495 465 275 128 1508 278 223 118 91 435 250 315 342 663 472 380 716 1403 7 330 257 363 614 1169 705 36 68 42 388 89 383 1085 481 584 71 1437 979 105 300 1128 575 548 939 245 	# -638.474550 -1.034152 -9.781199 -1.765412 1.990092 -252.254950 -1.360629 -1.874421 2399.505698 2396.878293 
259		457.520000	3	2290	435.103846		444 2290 440 551 40 201 394 312 127 141 104 911 61 92 68 32 348 314 84 1063 841 164 65 554 698 538 467 838 510 1047 3 82 481 385 376 97 1498 666 521 295 722 139 328 339 1070 152 712 95 1056 120 	# -600.959206 -1.038665 -9.831760 -1.774653 1.992177 -243.364008 -1.366699 -1.884046 2309.975364 2307.337970 
260		522.080000	11	1657	455.061505		215 47 1338 96 542 45 184 353 65 196 11 85 642 867 188 234 444 1254 380 438 16 311 685 960 180 1657 1363 669 1331 162 568 112 765 452 428 440 807 415 41 46 1258 467 345 223 1198 1530 75 914 859 203 	# -691.989453 -1.043186 -9.882472 -1.783914 1.994299 -266.610631 -1.372781 -1.893692 2541.818993 2539.171556 
261		584.500000	3	3162	619.240194		500 117 1034 1244 550 495 261 325 35 3 483 1652 183 250 205 342 367 890 318 462 27 1172 10 467 295 443 395 880 430 2501 789 3162 474 432 77 124 363 16 486 714 249 527 1526 1563 195 565 257 1017 153 200 	# -648.077408 -1.047716 -9.933329 -1.793195 1.996453 -256.122852 -1.378874 -1.903357 2436.316958 2433.659430 
262		458.860000	31	1976	456.761225		326 838 292 248 159 483 264 87 1392 68 1294 203 895 78 63 264 1177 298 31 1976 603 40 69 70 1001 294 142 72 187 65 191 105 229 1062 595 1542 251 427 362 777 297 79 281 232 956 762 282 462 1028 44 	# -700.069886 -1.052255 -9.984326 -1.802496 1.998634 -269.612380 -1.384980 -1.913044 2570.586374 2567.918709 
263		550.560000	21	2150	490.223696		209 638 59 174 117 390 1036 1771 641 316 674 2150 121 603 760 654 404 256 64 454 960 166 1387 1542 255 585 219 179 93 908 213 358 311 244 21 153 1317 108 855 845 1532 760 894 306 86 169 608 311 245 407 	# -649.367980 -1.056804 -10.035458 -1.811818 2.000839 -257.429492 -1.391100 -1.922753 2448.130032 2445.452190 
264		417.800000	14	1979	428.992840		45 21 1605 103 1041 178 828 773 466 666 150 164 299 84 39 258 437 1979 656 365 987 14 196 66 125 267 531 612 553 344 1570 820 324 22 307 67 228 568 35 611 310 34 99 159 145 173 593 109 340 524 	# -611.445348 -1.061364 -10.086723 -1.821160 2.003063 -248.442607 -1.397235 -1.932483 2357.632131 2354.944073 
265		454.600000	16	2188	498.435839		379 1562 526 87 233 2188 51 23 100 774 284 465 16 350 102 218 252 613 1516 55 110 905 968 814 124 47 129 458 830 277 1858 153 69 277 173 261 32 58 748 113 197 524 155 150 70 541 1219 914 494 268 	# -668.369548 -1.065935 -10.138119 -1.830524 2.005305 -263.168617 -1.403384 -1.942236 2504.261614 2501.563304 
266		557.740000	6	3805	622.642781		1211 1861 92 762 768 717 637 734 495 44 690 625 1062 414 137 243 58 51 30 390 364 438 245 298 660 21 423 237 859 519 3805 811 434 16 746 1055 442 174 100 775 27 405 1503 91 6 78 905 959 56 414 	# -633.282119 -1.070517 -10.189643 -1.839910 2.007564 -254.892913 -1.409547 -1.952011 2420.872377 2418.163779 
267		504.260000	35	3108	657.619480		524 158 403 493 72 69 1722 212 88 86 568 193 199 407 292 128 55 1601 314 822 162 170 88 2588 87 562 37 806 228 278 426 203 330 334 54 120 617 35 490 72 305 172 2380 528 382 791 483 526 3108 445 	# -671.998529 -1.075076 -10.241209 -1.849304 2.009713 -265.069267 -1.415683 -1.961806 2522.002873 2519.284221 
268		475.980000	3	2137	416.328142		794 87 1086 1084 317 31 102 238 193 302 378 476 979 76 361 52 149 624 651 849 127 3 384 884 131 436 303 38 788 229 653 456 2137 305 40 84 504 251 439 113 1061 36 994 873 962 282 478 1140 386 453 	# -713.255841 -1.079673 -10.292945 -1.858729 2.011945 -275.882108 -1.421874 -1.971623 2629.496261 2626.767296 
269		489.520000	19	1798	389.821269		357 179 77 664 562 1123 790 301 412 1186 941 687 514 410 884 205 130 19 27 754 253 262 129 328 428 734 1051 503 1003 374 649 292 283 638 203 134 1381 33 598 1798 402 86 486 269 217 82 48 250 334 1006 	# -752.971361 -1.084282 -10.344819 -1.868176 2.014203 -286.310706 -1.428079 -1.981464 2733.145603 2730.406290 
270		597.340000	28	3501	742.868231		297 70 192 465 258 448 848 374 28 42 1140 184 377 186 553 2960 499 182 101 3001 61 997 55 421 857 512 164 593 327 740 196 323 3501 189 232 1485 941 303 112 358 1406 317 515 73 478 1093 155 66 578 614 	# -758.340918 -1.088903 -10.396828 -1.877647 2.016484 -288.154022 -1.434301 -1.991330 2750.940518 2748.190814 
271		479.300000	13	2910	518.078957		196 601 170 269 62 496 157 155 337 110 254 248 1173 318 1601 2910 384 78 407 873 426 46 408 78 249 177 98 637 73 1052 472 717 547 488 1295 137 55 15 13 121 621 343 797 420 682 162 828 344 1517 348 	# -820.833739 -1.093536 -10.448971 -1.887141 2.018783 -304.279366 -1.440538 -2.001219 2911.554104 2908.793972 
272		504.540000	15	1870	441.307621		194 1836 323 844 230 344 152 632 17 567 483 1870 369 399 22 45 857 443 15 609 274 367 770 141 799 860 208 27 200 45 582 289 645 831 436 673 59 253 568 502 597 621 244 1310 797 157 224 90 1736 671 	# -723.461470 -1.098180 -10.501245 -1.896657 2.021099 -280.439652 -1.446790 -2.011132 2672.515511 2669.744916 
273		623.080000	60	1986	444.036671		1331 547 80 371 1310 78 646 1126 60 1316 188 697 394 813 508 262 524 341 266 722 1478 567 692 571 194 170 567 885 519 1986 581 491 748 80 774 365 304 1304 745 1175 144 606 398 441 126 164 878 664 1633 324 	# -747.972465 -1.102836 -10.553648 -1.906195 2.023429 -287.071970 -1.453058 -2.021068 2738.195665 2735.414573 
274		546.660000	28	2158	478.398588		429 442 474 1097 45 1451 84 683 231 1020 494 306 801 843 121 223 590 107 546 69 451 2158 462 1339 695 2122 518 75 424 430 959 843 813 136 401 28 337 40 269 67 440 42 247 688 54 736 667 982 592 262 	# -740.906050 -1.107504 -10.606181 -1.915756 2.025772 -285.811157 -1.459342 -2.031027 2724.942916 2722.151293 
275		650.200000	7	2644	738.377648		2639 1082 121 1554 110 59 36 817 32 341 2522 171 2644 237 40 1175 601 424 1211 41 241 220 7 2542 75 16 392 299 943 821 616 340 678 383 1764 156 63 702 178 1113 9 1222 628 179 132 260 1703 499 299 173 	# -775.276296 -1.112184 -10.658842 -1.925340 2.028127 -294.910733 -1.465641 -2.041011 2815.292477 2812.490291 
276		732.240000	16	3501	697.122733		1128 396 2501 1346 2594 16 104 98 56 643 699 573 1200 218 249 677 981 719 1610 414 41 574 235 450 374 778 968 187 405 1439 876 857 360 519 1039 651 410 793 249 1289 309 64 1174 140 84 579 223 3501 354 1468 	# -797.607993 -1.116876 -10.711631 -1.934946 2.030494 -301.001899 -1.471957 -2.051018 2875.556355 2872.743575 
277		648.580000	4	3471	642.111475		654 555 315 382 1861 417 767 580 106 281 1490 758 141 123 415 538 289 1673 227 4 1557 1580 3471 235 1226 387 266 197 114 1937 586 1136 668 549 215 391 114 355 387 1295 691 480 515 348 660 743 373 189 41 147 	# -750.206225 -1.121580 -10.764548 -1.944575 2.032872 -289.660930 -1.478288 -2.061049 2761.497295 2758.673890 
278		452.120000	10	2218	433.505250		10 222 326 42 216 261 291 228 73 99 489 108 1253 170 540 294 239 311 622 846 1007 561 94 402 612 66 1125 118 735 613 30 723 54 2218 703 277 467 783 69 226 319 1664 85 483 424 793 261 666 329 59 	# -752.795710 -1.126296 -10.817593 -1.954227 2.035261 -290.819008 -1.484636 -2.071105 2772.427125 2769.593063 
279		490.020000	10	2039	480.994017		193 171 66 789 454 1355 45 132 634 160 557 442 1609 98 109 252 398 95 100 1226 1312 2039 1473 171 429 239 621 380 277 150 254 1015 550 105 166 73 117 645 105 1329 645 10 1023 23 476 690 317 210 168 604 	# -777.441558 -1.131024 -10.870766 -1.963902 2.037660 -297.492414 -1.491000 -2.081184 2838.508648 2835.663899 
280		461.640000	7	1722	456.568870		777 355 348 677 78 1691 97 1516 208 7 297 191 909 1074 299 258 62 293 139 21 650 7 171 337 38 183 333 1383 226 417 102 1722 499 155 305 1268 248 433 1022 227 797 22 1085 170 22 298 658 600 313 94 	# -747.990357 -1.135765 -10.924067 -1.973600 2.040068 -290.642799 -1.497380 -2.091288 2769.358370 2766.502904 
281		533.960000	4	3207	592.208249		670 711 220 137 51 770 585 448 79 1307 232 499 109 4 431 579 2159 46 261 179 314 1797 589 470 371 186 661 74 200 345 663 28 541 541 47 1221 81 11 49 717 329 1007 942 675 3207 20 236 250 941 708 	# -796.635579 -1.140517 -10.977496 -1.983321 2.042487 -303.318534 -1.503777 -2.101416 2895.459999 2892.593786 
282		516.160000	15	1735	427.891573		980 737 1735 293 176 916 692 177 368 85 67 17 630 255 254 446 195 263 62 443 78 929 505 315 371 551 698 779 44 240 493 1117 295 1283 56 1055 443 363 1723 450 824 15 304 435 729 420 104 35 1217 1146 	# -775.690885 -1.145282 -11.031054 -1.993065 2.044914 -298.598038 -1.510189 -2.111568 2847.597719 2844.720727 
283		634.820000	27	1992	525.671609		1322 1088 1335 158 913 557 352 936 996 1792 257 41 666 1063 1279 258 397 1059 409 223 190 82 266 184 1279 1125 1477 758 1082 1992 559 367 364 470 784 826 218 242 1958 27 323 61 149 278 132 100 231 589 198 329 	# -718.880505 -1.150059 -11.084741 -2.002833 2.047351 -284.912371 -1.516618 -2.121745 2710.082133 2707.194335 
284		514.060000	8	1689	490.923969		216 450 274 757 27 1209 500 38 8 365 236 22 551 232 332 377 1586 60 463 113 574 566 58 156 1006 221 204 752 1334 370 1028 625 1525 1689 74 104 86 159 277 501 129 118 257 1406 1681 1418 400 300 256 613 	# -831.136470 -1.154849 -11.138557 -2.012624 2.049797 -313.494545 -1.523064 -2.131946 2995.243350 2992.344714 
285		445.960000	16	1305	328.290499		116 431 923 341 145 16 1305 52 529 719 108 317 178 369 145 179 286 854 285 447 830 282 244 507 383 733 108 507 1075 341 364 374 818 323 1146 112 277 672 902 211 234 219 46 190 370 1153 230 818 791 293 	# -788.827282 -1.159651 -11.192502 -2.022439 2.052253 -303.436688 -1.529526 -2.142172 2894.002656 2891.093154 
286		695.200000	7	2341	615.757804		2054 2341 651 127 580 1023 861 380 679 171 412 732 220 769 251 428 453 219 2062 813 241 1725 1996 67 34 396 1114 93 2013 551 186 873 723 373 316 316 301 704 191 472 1588 291 7 674 315 1189 572 459 1635 119 	# -820.024051 -1.164465 -11.246577 -2.032277 2.054717 -311.756582 -1.536004 -2.152423 2976.537853 2973.617454 
287		386.760000	17	1442	359.978092		75 216 433 29 21 56 77 17 124 547 734 245 238 945 114 851 204 127 125 75 22 315 424 224 191 474 301 1042 224 1159 486 74 820 424 310 32 108 34 1442 361 475 1163 246 456 1205 724 253 524 283 289 	# -618.212408 -1.167093 -11.299801 -2.042283 2.053944 -261.824648 -1.540023 -2.163067 2476.556802 2473.630684 
288		597.380000	15	2111	483.151512		79 652 398 453 512 372 569 761 149 1470 891 1301 1417 2111 193 596 695 590 186 563 149 641 946 464 1676 515 111 128 800 342 1394 622 473 152 29 454 468 102 1698 649 977 366 792 69 98 148 651 273 709 15 	# -635.132687 -1.171588 -11.353646 -2.052218 2.055541 -266.577764 -1.546193 -2.173429 2523.423394 2520.487078 
289		697.340000	29	2240	552.588182		106 1456 272 2240 96 1017 1258 156 283 1872 1122 440 1240 188 352 129 208 829 175 666 652 634 437 1771 486 1617 382 1091 136 1056 689 171 1261 401 131 29 1502 1256 268 521 1374 967 441 1056 785 272 178 260 185 753 	# -705.830885 -1.176377 -11.407733 -2.062155 2.057538 -284.776649 -1.552660 -2.183788 2704.746104 2701.799274 
290		427.020000	13	1385	347.454386		17 13 387 865 358 842 723 978 725 279 874 1113 160 319 282 716 100 82 1385 555 209 1196 606 144 43 113 65 442 430 344 168 702 143 207 82 221 44 421 546 421 521 59 501 220 265 825 1023 90 95 432 	# -627.634568 -1.181234 -11.462039 -2.072109 2.059689 -265.753190 -1.559201 -2.194164 2513.843279 2510.885765 
291		552.760000	6	2836	560.707482		376 476 634 797 951 920 128 1687 21 586 385 973 89 383 992 138 453 91 180 538 465 1204 48 1048 605 265 139 306 152 208 1491 1123 179 219 1249 532 67 503 335 269 105 2836 6 197 1916 299 121 487 24 442 	# -658.927143 -1.186110 -11.516541 -2.082084 2.061920 -274.103224 -1.565764 -2.204559 2596.673384 2593.705092 
292		447.540000	4	2393	513.504137		2125 372 183 427 572 558 114 39 255 211 176 23 371 687 649 698 829 236 713 2393 1589 394 118 251 41 217 266 292 472 1066 1055 19 828 71 54 60 41 1218 264 167 445 814 200 93 210 4 82 82 27 306 	# -602.720001 -1.190995 -11.571223 -2.092080 2.064208 -260.579598 -1.572340 -2.214977 2460.764970 2457.785829 
293		549.960000	6	3626	645.139313		190 245 979 946 110 415 151 1253 680 22 78 351 171 267 333 317 6 369 425 130 195 475 686 643 316 1377 892 51 305 1061 200 446 44 511 1061 141 19 459 1339 504 394 24 292 226 1077 651 2512 195 338 3626 	# -610.688602 -1.195889 -11.626074 -2.102097 2.066540 -263.101179 -1.578927 -2.225416 2485.306781 2482.316731 
294		481.220000	13	2503	462.522599		922 300 329 242 1209 60 13 778 71 250 1186 186 1176 379 866 299 178 195 442 61 246 1273 46 318 364 637 98 44 129 702 677 121 230 495 749 25 394 251 442 883 2503 231 251 834 847 1037 74 29 547 442 	# -610.187179 -1.200792 -11.681086 -2.112137 2.068908 -263.506530 -1.585528 -2.235877 2488.684486 2485.683472 
295		627.280000	52	2232	504.811949		595 579 619 79 183 223 216 687 721 491 297 594 408 2232 151 725 147 52 165 232 896 135 972 363 735 170 71 827 566 237 323 1439 828 996 954 676 119 1099 1199 1585 222 609 684 1086 107 867 2138 1262 745 58 	# -630.759483 -1.205705 -11.736252 -2.122199 2.071305 -269.181593 -1.592141 -2.246361 2544.757537 2541.745512 
296		530.820000	37	2182	475.495432		69 953 1304 1022 137 207 189 496 277 788 455 254 634 199 205 1172 156 368 97 1472 227 1148 1378 791 311 421 2182 1194 148 191 823 185 148 809 467 95 255 165 1176 244 37 46 372 231 1057 899 179 352 347 209 	# -600.156314 -1.210628 -11.791569 -2.132283 2.073727 -262.064073 -1.598770 -2.256869 2472.903005 2469.879924 
297		613.500000	17	2859	602.959038		175 275 601 614 43 589 123 128 1192 150 1971 531 429 80 69 2859 17 180 737 547 299 180 375 700 558 939 1793 1106 298 363 271 593 383 219 997 478 441 2021 234 1064 56 218 1486 1605 366 313 362 46 1084 517 	# -657.050760 -1.215563 -11.847031 -2.142391 2.076170 -276.822245 -1.605413 -2.267401 2619.803665 2616.769488 
298		500.220000	2	1839	421.779481		31 922 567 409 401 30 598 507 1084 1839 538 99 732 50 2 166 1144 1165 64 713 820 239 468 189 1067 289 99 27 463 608 375 922 25 1066 437 324 1486 772 1005 447 98 237 398 798 63 122 222 109 262 513 	# -660.880019 -1.220509 -11.902636 -2.152522 2.078633 -278.315412 -1.612071 -2.277957 2634.052567 2631.007253 
299		719.120000	9	3292	677.565409		1970 3292 154 836 1134 307 109 225 469 9 341 547 606 624 463 1089 217 196 1745 89 613 145 611 291 1666 333 1515 636 932 401 207 143 1554 2244 1891 1060 577 853 594 906 1046 1285 50 327 638 57 170 256 23 510 	# -661.169110 -1.225466 -11.958383 -2.162676 2.081112 -278.924834 -1.618746 -2.288538 2639.462307 2636.405820 
