# Episode	Mean score	Min	Max	Standard deviation	Scores	# Feature weights	
0		29.780000	4	98	22.751802		8 15 68 8 29 32 49 18 50 14 31 9 14 98 13 56 12 4 4 29 20 36 15 14 5 30 19 63 22 16 58 10 88 13 35 65 35 16 11 22 71 33 23 32 20 44 67 15 9 21 	# 0.269797 0.427339 -0.376045 -0.073623 0.011687 -0.424111 0.334019 -0.036639 0.090973 0.626117 
1		103.720000	19	209	45.865393		112 65 19 53 91 100 175 70 65 117 72 193 53 79 61 209 58 118 60 54 70 52 76 125 112 104 108 96 191 94 186 157 179 82 104 205 82 78 78 92 126 64 135 183 83 97 124 74 101 104 	# 1.473887 0.216571 -0.401447 -0.092169 0.257154 -0.423439 0.198369 -0.088649 0.545861 1.227841 
2		326.020000	28	981	197.738282		419 981 796 402 112 266 67 769 437 158 355 209 28 198 127 145 376 679 338 375 163 110 196 179 434 551 237 162 609 363 513 145 213 206 427 345 252 189 310 319 425 560 287 338 335 86 322 359 271 158 	# 2.480270 0.186561 -0.509572 -0.123730 0.409534 -0.537936 0.167994 -0.118786 0.493434 0.999360 
3		2329.360000	11	8556	2073.938684		421 1882 1605 4262 1886 2435 252 1687 2245 2292 5952 282 2262 525 693 3168 4315 496 480 1857 2800 501 2652 3500 651 3764 5821 3961 6522 2488 7939 1949 150 563 8556 1222 4253 2523 11 5510 623 760 1372 90 3345 1621 1841 101 451 1931 	# 6.480372 0.098525 -0.588122 -0.132316 0.587283 0.162149 0.083064 -0.128368 -7.194003 -6.861987 
4		1868.060000	23	8970	2064.686984		2579 343 8248 1219 1369 2576 281 3989 313 1457 4114 991 1188 122 3843 1896 1889 6069 1884 549 136 1204 220 261 906 1051 2094 304 3063 559 321 3592 722 3110 32 8970 1054 850 23 256 3252 1143 3254 308 6756 1683 1708 966 198 488 	# 3.993802 0.039129 -0.641656 -0.132092 0.708822 -0.715679 0.025593 -0.128369 1.083116 1.294771 
5		916.640000	10	4871	945.903623		28 1288 311 196 82 2742 256 1399 493 2143 1405 237 51 105 4871 2803 2200 1709 612 1703 1532 2200 192 1853 563 196 998 172 1769 273 10 163 356 895 517 329 61 249 479 1140 1635 1062 353 709 393 814 169 558 627 931 	# 6.650211 0.009208 -0.682419 -0.131654 0.786091 -0.293077 -0.004518 -0.128366 -3.591964 -3.458657 
6		816.600000	39	4135	792.675938		892 78 255 1108 512 80 1055 1700 53 1992 1249 1234 1882 643 1054 493 137 375 1760 695 39 2153 243 118 97 1238 1006 827 1087 445 49 88 2497 1354 454 494 100 1101 4135 587 1005 225 1604 164 465 748 44 764 136 316 	# 6.074898 -0.018704 -0.714496 -0.130142 0.850884 -0.675224 -0.032743 -0.127295 -0.164254 -0.097787 
7		999.380000	81	6011	1021.123948		1130 473 615 6011 356 551 1033 284 1045 1471 1139 843 2575 358 640 327 236 1183 684 609 810 865 163 1143 1468 211 1350 1426 1784 1873 321 189 321 563 607 1662 218 1050 1130 1162 768 103 1019 3180 89 684 242 81 3316 608 	# 7.044465 -0.032092 -0.742568 -0.131165 0.895550 -0.674316 -0.047399 -0.129279 -0.571031 -0.553172 
8		765.580000	28	2621	663.029075		1009 153 246 2175 164 619 615 52 574 2501 1670 185 490 330 1052 2053 1286 266 606 667 46 545 1494 206 423 1119 578 1155 363 76 28 1108 2621 1126 544 677 143 464 892 979 248 433 242 1108 2235 682 129 173 590 1139 	# 6.901236 -0.040864 -0.768468 -0.133298 0.931801 -0.955239 -0.057226 -0.132435 1.846130 1.823387 
9		749.840000	9	2626	698.096636		69 2388 352 935 1635 403 313 238 1028 449 267 1005 43 958 237 380 1512 807 143 1582 213 233 804 1081 67 1795 754 168 97 2626 283 168 673 470 787 606 2574 104 344 354 1276 1356 1897 1934 362 231 9 958 122 402 	# 7.937140 -0.049939 -0.792817 -0.135887 0.965194 -0.945211 -0.067270 -0.136073 1.365360 1.304831 
10		587.380000	9	2105	558.757437		503 1384 121 200 337 2105 624 190 1844 769 299 390 327 424 877 588 609 210 240 2046 388 979 9 97 18 244 1868 295 58 116 629 163 862 87 649 154 950 76 1010 732 1307 1744 261 241 124 833 584 131 476 197 	# 10.688192 -0.058598 -0.816189 -0.138782 0.995609 -0.509894 -0.076870 -0.140026 -3.362660 -3.458080 
11		694.680000	5	3588	691.928787		166 252 1108 208 1429 742 1476 934 67 1523 643 250 79 351 1062 5 205 2531 832 264 63 481 1656 1043 21 89 539 269 3588 401 805 464 138 371 78 528 998 648 351 517 36 1418 169 1024 1671 1114 437 1012 51 627 	# 11.192716 -0.066121 -0.840025 -0.142359 1.023843 -0.641052 -0.085419 -0.144604 -2.431909 -2.560817 
12		536.980000	16	2436	495.281882		102 355 106 658 1748 764 139 315 1109 494 403 697 849 78 671 184 1127 218 354 179 967 58 703 43 359 701 224 16 1005 362 345 54 775 188 314 782 1569 491 525 2436 220 1518 189 260 194 456 572 33 780 160 	# 14.773766 -0.073581 -0.863762 -0.146084 1.050404 -0.006549 -0.093722 -0.149330 -9.155355 -9.315571 
13		513.480000	9	2466	591.027478		170 775 1052 411 331 342 122 303 945 31 398 160 302 1468 471 55 94 236 157 308 2450 285 50 482 1039 169 1335 280 1198 30 81 9 70 323 664 789 608 54 390 902 308 212 289 232 359 185 2133 123 2466 28 	# 11.352968 -0.081249 -0.887619 -0.149929 1.075849 -1.126025 -0.102222 -0.154138 1.661873 1.471446 
14		568.440000	4	2631	574.296487		349 1552 1685 381 915 308 166 818 226 327 4 428 228 738 904 205 484 531 182 317 2631 1961 46 1028 1025 386 114 57 885 1030 1908 1011 184 650 300 105 379 51 363 937 144 16 78 111 195 79 350 955 119 576 	# 11.614785 -0.088907 -0.911962 -0.153874 1.100387 -1.328489 -0.110682 -0.159038 3.305758 3.085808 
15		605.820000	15	2523	573.710468		625 262 58 677 1443 629 250 881 129 288 66 589 266 946 60 508 369 52 240 423 704 1188 2168 2127 471 176 727 253 141 640 405 820 443 217 669 1711 290 1518 638 543 547 15 131 669 946 2523 160 255 333 102 	# 13.219255 -0.096519 -0.936784 -0.157921 1.124038 -1.198608 -0.119138 -0.163982 1.624640 1.376041 
16		649.100000	4	2224	552.511271		2224 242 923 1731 1096 220 674 460 80 868 131 487 116 274 111 805 1956 166 1470 1181 511 162 1042 776 107 1758 1201 560 489 1546 233 558 940 551 4 1406 338 929 206 698 39 240 388 272 221 189 37 527 460 852 	# 13.784171 -0.100578 -0.963469 -0.162812 1.144779 -1.333305 -0.124212 -0.169811 2.568851 2.293366 
17		538.200000	15	1622	447.724496		26 256 36 341 565 1553 720 1311 754 1259 48 108 1622 644 1152 104 351 457 256 294 15 482 94 44 714 114 244 116 147 1347 32 924 412 335 290 373 352 1405 967 948 255 506 1252 821 760 541 314 673 312 264 	# 12.958377 -0.107040 -0.990749 -0.167571 1.167295 -1.819113 -0.131517 -0.175393 7.027958 6.724560 
18		154.380000	11	890	158.147424		890 165 82 194 286 56 213 158 305 211 28 141 62 85 86 29 60 218 24 245 24 92 192 307 161 163 94 149 54 158 20 47 268 25 53 325 59 76 93 665 114 34 212 101 76 75 26 11 297 210 	# 14.358938 -0.113720 -1.018075 -0.172233 1.188884 -1.751198 -0.139015 -0.180876 5.950272 5.620375 
19		171.520000	5	523	150.656149		26 58 42 33 169 37 142 449 49 63 502 270 106 135 399 339 213 84 449 153 51 331 190 318 5 32 294 133 108 21 12 14 303 523 45 75 109 71 104 73 94 86 281 340 344 284 31 24 468 94 	# 18.532224 -0.120863 -1.048821 -0.177234 1.213438 -0.995455 -0.147282 -0.186367 -2.027959 -2.389973 
20		169.800000	7	754	149.591007		383 116 425 754 25 96 108 202 200 111 70 218 175 79 173 181 29 111 20 316 153 62 218 137 45 72 17 313 377 169 112 7 244 553 67 31 79 123 34 90 261 181 50 305 32 154 438 130 174 70 	# 19.963208 -0.126609 -1.079464 -0.182256 1.235415 -0.927735 -0.153957 -0.192088 -3.126318 -3.515199 
21		175.440000	12	1232	196.847103		84 380 449 213 25 161 41 240 62 97 215 416 118 144 121 149 82 226 59 20 29 181 39 90 79 103 108 228 294 60 1232 449 83 202 48 100 12 395 158 15 26 119 140 295 184 48 102 52 122 477 	# 26.982261 -0.132853 -1.110606 -0.187295 1.257380 0.533661 -0.161117 -0.197770 -18.162920 -18.578862 
22		118.900000	2	558	126.223037		28 18 558 16 14 45 166 32 62 42 126 30 130 124 53 380 136 432 185 217 187 72 42 228 47 37 28 450 228 82 46 63 41 47 98 28 69 38 49 2 84 349 266 42 59 204 77 74 95 19 	# 24.578957 -0.138689 -1.142102 -0.192462 1.278306 -0.363733 -0.167888 -0.203586 -9.614426 -10.056253 
23		135.220000	8	468	119.734790		176 50 119 111 21 27 93 54 120 321 123 468 99 412 164 56 100 21 120 57 123 8 449 45 265 40 18 285 121 115 132 23 34 126 152 12 74 202 390 47 136 16 93 147 61 21 191 127 377 219 	# 25.344961 -0.144879 -1.173962 -0.197501 1.298997 -0.471746 -0.174918 -0.209223 -8.961494 -9.428905 
24		135.140000	10	962	159.194530		23 56 53 36 15 113 62 34 70 175 22 54 54 84 295 130 44 336 64 42 76 962 87 126 36 94 309 190 216 84 171 257 170 73 34 72 114 145 218 10 200 54 106 43 95 555 15 57 315 111 	# 24.855666 -0.150552 -1.206341 -0.202768 1.318778 -0.896804 -0.181524 -0.215091 -5.141503 -5.633633 
25		88.720000	4	308	73.381041		27 256 38 175 37 77 131 46 131 93 110 28 33 85 141 22 270 22 308 29 142 78 39 136 68 120 55 23 308 70 20 22 111 4 98 99 64 10 72 135 47 44 31 46 51 93 173 73 34 111 	# 25.276317 -0.154810 -1.240364 -0.208524 1.337957 -1.098422 -0.186843 -0.221389 -3.569358 -4.086652 
26		83.420000	4	300	63.973556		29 105 35 47 110 19 116 80 68 151 43 163 86 81 10 93 300 4 154 11 71 65 87 148 138 68 49 89 30 56 24 141 149 8 60 68 17 189 22 93 7 33 89 236 84 14 35 136 59 201 	# 28.299372 -0.159943 -1.274647 -0.214164 1.357389 -0.652373 -0.192863 -0.227590 -8.473799 -9.015411 
27		99.040000	9	402	89.848844		9 45 51 49 32 40 132 9 79 105 39 86 402 41 156 112 118 146 169 175 285 73 80 40 319 38 26 303 70 286 67 34 121 45 70 15 43 34 192 140 32 13 48 123 59 101 48 51 9 192 	# 36.869257 -0.165680 -1.310040 -0.219794 1.377745 1.176926 -0.199486 -0.233661 -27.216947 -27.784511 
28		83.940000	11	355	73.589987		28 53 148 17 144 64 21 71 298 41 31 18 44 15 87 42 12 73 19 100 84 105 83 70 15 235 19 28 220 11 104 50 97 61 58 59 127 125 50 49 66 92 84 211 101 355 168 27 35 82 	# 28.799732 -0.170947 -1.345621 -0.225524 1.397005 -1.156527 -0.205653 -0.239903 -4.334862 -4.926548 
29		61.300000	11	230	45.189962		83 25 30 47 67 29 28 21 100 163 77 29 162 68 50 63 32 72 11 77 56 63 230 74 37 39 101 12 29 128 72 21 18 141 63 110 120 34 44 34 14 53 16 33 26 93 58 38 45 29 	# 34.486364 -0.176099 -1.381472 -0.231340 1.415631 -0.053941 -0.211712 -0.246216 -15.815469 -16.430735 
30		61.540000	8	247	53.461109		49 46 38 18 11 13 247 93 19 161 23 10 86 62 27 89 32 46 86 17 93 103 47 54 41 52 24 12 34 92 57 8 205 21 11 201 59 143 19 84 40 16 52 66 30 122 64 43 24 87 	# 22.896594 -0.181073 -1.418017 -0.237265 1.434033 -3.273622 -0.217618 -0.252584 15.921508 15.282418 
31		68.020000	0	259	56.876698		73 18 70 67 31 32 40 119 144 21 63 8 39 100 83 118 63 158 40 33 3 27 259 12 91 39 168 6 71 153 31 91 120 28 41 34 32 0 49 158 3 41 120 213 30 77 66 52 44 22 	# 35.508802 -0.186910 -1.454570 -0.242795 1.452554 -0.445167 -0.224203 -0.258527 -12.822688 -13.485224 
32		51.740000	2	226	41.236901		96 13 20 39 131 79 92 16 53 48 37 15 91 113 49 118 45 37 37 25 226 51 2 14 49 28 90 43 83 56 32 69 31 27 85 13 5 34 77 42 46 22 15 83 4 75 21 15 86 9 	# 28.215781 -0.192002 -1.491526 -0.248675 1.470031 -2.596101 -0.230260 -0.264852 8.223981 7.538850 
33		41.940000	2	309	46.193652		27 19 7 65 83 309 12 36 13 25 28 40 8 33 49 18 37 29 2 48 10 96 13 50 55 5 84 75 34 79 17 18 2 34 19 46 30 63 3 38 72 15 31 30 28 65 44 97 49 7 	# 28.979608 -0.196904 -1.528923 -0.254729 1.487068 -2.735871 -0.236117 -0.271326 9.155259 8.447825 
34		51.580000	3	236	43.705924		41 32 156 18 13 25 3 89 106 30 31 14 57 37 51 17 37 16 236 24 26 15 74 113 23 56 45 47 21 90 47 60 100 22 92 25 18 25 32 93 54 9 34 75 46 130 20 93 47 14 	# 27.606946 -0.201764 -1.566575 -0.260896 1.503629 -3.412611 -0.241929 -0.277915 15.454077 14.724922 
35		53.100000	1	200	42.912464		86 46 32 43 22 41 35 40 98 193 14 81 114 84 27 69 9 44 95 39 16 10 63 1 48 31 45 30 24 82 49 139 200 58 56 39 24 35 67 28 73 120 20 13 21 9 63 46 12 21 	# 25.835828 -0.206131 -1.604588 -0.267237 1.519386 -4.191830 -0.247271 -0.284675 22.773866 22.023643 
36		47.720000	5	183	38.496244		14 37 28 149 62 38 42 36 26 38 78 65 10 45 14 81 34 16 70 5 17 55 24 183 34 89 22 38 67 86 100 10 19 16 10 34 16 101 9 52 14 18 72 30 70 62 58 18 31 143 	# 31.568157 -0.210847 -1.642804 -0.273604 1.535031 -3.097878 -0.252936 -0.291442 11.360973 10.589867 
37		50.100000	3	227	48.170297		78 38 11 65 27 9 25 18 18 48 178 14 47 14 11 17 24 26 84 62 53 26 115 145 21 14 21 70 17 75 57 165 39 110 3 109 18 53 57 38 5 31 47 18 227 54 6 64 19 14 	# 35.547589 -0.215609 -1.681226 -0.280031 1.550283 -2.444778 -0.258659 -0.298258 4.354924 3.563278 
38		47.860000	1	179	36.385695		131 104 1 9 38 5 43 25 13 41 33 16 16 27 179 20 26 77 9 51 35 57 51 33 86 77 52 15 109 45 22 32 73 71 16 78 49 91 39 46 47 53 41 4 35 127 17 40 24 64 	# 46.659112 -0.218306 -1.719693 -0.286252 1.562857 -0.010568 -0.262134 -0.304912 -20.469772 -21.279147 
39		46.360000	3	187	37.851353		73 64 32 7 18 26 21 25 3 68 115 17 187 64 80 121 30 44 11 22 50 136 39 63 14 69 23 6 71 29 64 98 19 15 45 61 15 102 23 47 5 14 16 53 46 33 61 17 33 23 	# 40.239724 -0.222648 -1.758607 -0.292638 1.576923 -1.962060 -0.267423 -0.311669 -1.434091 -2.262901 
40		56.360000	3	240	49.832274		47 27 68 23 16 3 11 80 82 240 119 178 143 9 148 52 32 85 13 17 101 11 29 61 13 129 11 38 46 38 43 59 15 147 17 39 103 47 37 30 31 25 81 29 37 27 75 44 40 22 	# 48.929402 -0.227210 -1.797798 -0.299166 1.590891 -0.139076 -0.272956 -0.318557 -20.145532 -20.993704 
41		48.440000	8	265	46.736849		26 29 57 25 32 100 21 36 31 20 265 29 42 19 30 10 8 23 16 23 116 143 72 23 59 77 35 15 26 54 25 34 10 83 9 20 13 110 119 37 147 25 27 43 8 69 35 59 40 47 	# 43.944697 -0.231795 -1.837211 -0.305803 1.604520 -1.737252 -0.278520 -0.325543 -4.647341 -5.514576 
42		52.300000	6	226	48.014985		161 35 73 47 6 21 160 36 226 7 157 22 79 24 75 59 11 86 30 52 7 27 152 73 30 47 8 12 36 20 55 14 66 34 131 48 75 22 42 31 26 21 52 14 31 16 38 58 7 55 	# 45.448234 -0.236371 -1.876827 -0.312524 1.617769 -1.715820 -0.284079 -0.332606 -5.347024 -6.232980 
43		44.360000	1	204	41.176950		204 35 63 14 22 36 3 44 12 45 15 14 40 60 29 58 29 23 20 47 107 32 36 6 38 47 155 59 101 68 155 41 60 5 21 11 44 8 27 65 90 5 6 12 60 18 61 34 32 1 	# 48.233661 -0.240931 -1.916635 -0.319319 1.630632 -1.376296 -0.289627 -0.339732 -9.229363 -10.133691 
44		59.200000	0	280	54.690595		42 27 50 26 62 4 57 145 20 145 30 26 28 34 58 59 22 45 178 168 0 32 30 3 16 104 107 27 71 37 28 12 38 7 104 22 34 32 7 280 123 34 32 151 51 63 82 62 66 79 	# 49.065138 -0.245472 -1.956633 -0.326180 1.643116 -1.527579 -0.295160 -0.346917 -8.205305 -9.127662 
45		51.560000	3	149	33.295314		76 19 38 136 59 61 61 33 94 26 20 102 64 53 91 61 92 61 35 91 7 12 31 3 22 149 48 4 36 68 33 37 29 69 20 85 21 72 23 70 102 13 46 5 62 64 26 67 53 28 	# 52.853223 -0.249992 -1.996817 -0.333103 1.655229 -0.941981 -0.300677 -0.354157 -14.551722 -15.491774 
46		47.840000	6	158	36.050622		13 16 65 23 128 31 59 31 24 158 12 63 38 23 23 26 81 36 7 19 6 50 53 14 14 15 137 36 82 40 57 87 34 70 66 11 48 50 77 127 22 24 20 38 80 50 19 51 29 109 	# 57.585518 -0.254492 -2.037187 -0.340087 1.666981 -0.122556 -0.306179 -0.361448 -23.238063 -24.195483 
47		58.340000	8	224	50.183179		41 19 110 83 49 147 23 46 34 29 36 42 29 116 24 66 19 57 73 67 11 12 224 113 171 77 50 36 73 60 23 8 18 49 40 30 10 28 150 12 61 222 38 38 30 44 26 34 53 66 	# 51.981620 -0.258970 -2.077743 -0.347129 1.678382 -1.889361 -0.311663 -0.368791 -6.063736 -7.038208 
48		56.760000	2	163	44.397352		48 47 14 2 127 67 5 78 21 126 7 7 69 22 36 36 41 51 21 26 49 143 85 96 35 17 6 8 149 163 47 24 15 157 27 83 58 60 36 98 73 14 50 52 112 28 122 109 21 50 	# 54.935663 -0.263428 -2.118481 -0.354228 1.689444 -1.518822 -0.317132 -0.376182 -10.264469 -11.255688 
49		40.600000	1	187	37.298575		29 27 65 40 27 149 3 20 12 12 36 114 20 25 64 1 19 25 52 8 19 20 46 62 15 16 35 38 56 17 41 24 75 10 8 39 43 187 51 95 16 46 18 7 30 123 59 37 13 36 	# 57.332453 -0.267866 -2.159402 -0.361383 1.700174 -1.289699 -0.322585 -0.383622 -13.052666 -14.060332 
50		35.920000	6	166	33.333712		28 19 25 26 92 17 83 22 133 12 50 37 32 10 19 166 30 25 22 6 18 28 24 40 9 36 19 36 49 17 131 31 34 22 34 7 53 10 89 8 18 27 35 37 24 28 13 13 22 30 	# 59.578590 -0.272284 -2.200503 -0.368592 1.710584 -1.100303 -0.328023 -0.391109 -15.445184 -16.469009 
51		52.660000	2	167	39.100921		3 27 41 167 42 15 96 60 120 32 114 65 2 94 43 23 50 12 24 33 118 53 57 70 98 42 126 51 31 46 83 11 44 30 66 117 24 8 33 65 39 14 35 8 5 3 79 123 39 52 	# 60.355811 -0.276683 -2.241783 -0.375855 1.720682 -1.280162 -0.333445 -0.398642 -14.146728 -15.186432 
52		38.920000	7	143	29.397237		17 54 57 20 49 67 99 31 8 23 66 37 37 35 52 10 42 9 79 50 17 90 24 29 14 11 16 10 31 83 57 10 93 54 16 24 39 16 20 7 7 54 35 9 143 7 63 50 16 59 	# 67.792602 -0.281063 -2.283238 -0.383169 1.730477 0.202880 -0.338853 -0.406220 -29.478853 -30.534162 
53		44.960000	8	168	30.368458		25 32 46 74 15 50 16 8 23 75 60 23 40 55 35 46 23 67 75 51 74 35 44 68 46 11 16 99 36 168 85 28 34 17 60 42 26 24 21 48 113 9 42 21 81 40 65 27 14 15 	# 61.183770 -0.285425 -2.324868 -0.390535 1.739978 -1.827440 -0.344246 -0.413843 -9.678911 -10.749562 
54		44.860000	5	118	29.733517		33 43 101 18 18 67 6 5 83 33 82 64 28 66 75 32 36 15 37 48 29 64 60 20 63 115 98 9 72 18 57 118 32 7 31 21 8 71 25 26 50 12 34 25 22 65 25 19 79 78 	# 56.873145 -0.289769 -2.366670 -0.397951 1.749191 -3.285131 -0.349626 -0.421509 4.393202 3.307468 
55		50.980000	5	149	37.572509		72 81 21 83 43 77 17 17 44 24 96 19 34 108 32 149 47 72 66 56 51 27 12 21 133 41 55 77 72 5 20 149 59 24 12 32 7 58 14 71 100 47 129 9 10 52 21 41 19 23 	# 69.295761 -0.293066 -2.409479 -0.406124 1.757976 -0.562477 -0.354247 -0.429933 -23.344927 -24.446059 
56		48.540000	3	186	39.953141		11 81 3 37 36 7 5 12 22 5 35 9 77 55 186 14 22 12 77 10 32 112 22 103 96 47 26 27 39 18 57 46 22 65 62 26 32 46 80 92 34 114 11 17 102 22 62 101 139 59 	# 71.533118 -0.297156 -2.452073 -0.413929 1.766878 -0.387592 -0.359339 -0.437976 -25.605382 -26.721247 
57		48.500000	0	160	34.644109		143 53 36 16 37 45 27 77 67 79 24 21 13 160 60 75 38 138 22 22 50 83 53 79 56 19 26 5 35 27 17 62 44 43 23 34 99 18 31 48 36 4 0 101 58 37 19 63 52 50 	# 76.423656 -0.301434 -2.494667 -0.421631 1.775543 0.449024 -0.364653 -0.445906 -34.482928 -35.613390 
58		43.100000	5	131	32.661061		58 28 81 51 79 34 69 32 34 25 36 41 6 5 24 94 19 17 79 13 112 10 50 120 77 16 52 59 39 46 37 60 22 13 25 28 7 9 22 126 61 45 21 27 31 54 5 131 14 11 	# 76.222565 -0.305700 -2.537332 -0.429316 1.783857 0.011075 -0.369967 -0.453814 -30.615590 -31.760341 
59		89.520000	8	625	110.031209		21 33 249 251 84 36 29 60 57 56 17 13 161 625 78 268 46 9 49 66 59 74 8 40 36 48 51 64 396 53 13 39 60 76 47 189 153 122 14 172 19 32 69 75 12 8 110 90 119 20 	# 82.218141 -0.309940 -2.580106 -0.437019 1.791858 1.120590 -0.375262 -0.461734 -42.223991 -43.382754 
60		58.440000	8	276	51.358349		77 21 43 10 34 171 20 33 74 46 14 31 19 47 110 33 116 72 22 20 63 55 18 22 39 32 12 36 53 130 61 38 38 276 70 132 34 11 148 53 72 138 85 113 38 15 25 80 8 14 	# 65.385913 -0.314172 -2.622833 -0.444752 1.799402 -3.478471 -0.380553 -0.469701 3.253282 2.081137 
61		73.700000	0	332	66.151419		30 204 59 108 102 48 100 29 30 160 6 30 53 61 52 77 83 9 72 332 14 171 28 78 65 124 171 95 20 84 57 64 139 22 37 33 1 93 0 100 71 105 13 23 255 53 56 8 17 43 	# 64.087770 -0.318397 -2.665758 -0.452526 1.806759 -4.195735 -0.385846 -0.477683 9.910927 8.725335 
62		67.340000	1	263	59.316037		118 32 19 56 54 16 147 28 12 67 38 20 11 54 8 42 88 14 263 83 144 175 79 1 5 16 241 89 19 28 58 86 66 61 73 104 6 122 4 57 153 72 70 4 58 160 80 13 56 97 	# 69.906932 -0.322602 -2.708860 -0.460340 1.813901 -3.135347 -0.391121 -0.485699 -1.209454 -2.408289 
63		72.620000	5	443	73.588456		130 31 42 85 14 104 71 122 76 36 69 41 137 99 35 443 259 18 128 133 110 31 68 57 32 21 75 55 28 17 5 55 18 34 99 94 171 24 86 8 42 65 157 14 34 36 26 24 20 52 	# 71.452652 -0.326302 -2.751600 -0.468282 1.819773 -3.144753 -0.395918 -0.493922 -1.631045 -2.841277 
64		74.300000	9	300	58.447342		34 46 77 99 300 56 27 16 32 29 52 17 54 73 39 169 25 47 9 38 19 47 20 53 125 111 120 71 53 87 31 95 136 10 58 122 99 19 31 118 143 137 53 125 44 144 22 228 113 42 	# 83.219718 -0.330390 -2.794690 -0.476223 1.826030 -0.600545 -0.401099 -0.502058 -27.590512 -28.813231 
65		74.860000	9	394	70.963057		22 70 16 188 49 141 74 132 57 49 110 106 48 46 58 85 31 75 80 26 43 17 106 171 31 18 18 75 34 20 9 36 122 12 52 121 295 31 116 118 69 68 41 68 95 394 22 27 34 17 	# 80.972455 -0.334512 -2.838039 -0.484193 1.832231 -1.561507 -0.406319 -0.510215 -18.500106 -19.735230 
66		72.240000	6	227	55.633480		16 65 84 9 227 171 113 153 138 66 30 39 51 64 58 10 56 120 6 37 25 116 50 102 62 29 7 93 98 105 141 39 134 10 135 27 8 6 164 51 53 36 35 23 58 24 124 216 70 58 	# 87.293021 -0.338618 -2.881625 -0.492197 1.838314 -0.382091 -0.411526 -0.518399 -30.815391 -32.062819 
67		75.600000	3	282	63.813504		33 35 55 135 122 136 64 53 54 75 199 84 45 3 10 156 35 82 64 235 35 22 77 25 91 47 64 68 17 97 282 106 12 77 16 170 93 32 13 149 70 63 229 103 8 34 23 6 19 57 	# 83.734277 -0.342701 -2.925431 -0.500239 1.844263 -1.674063 -0.416714 -0.526615 -18.418602 -19.678217 
68		73.600000	6	273	71.113591		41 89 50 209 23 24 55 36 7 15 133 32 19 30 50 45 24 19 7 51 273 14 6 21 221 14 68 57 28 93 19 28 239 89 89 224 40 163 78 21 54 6 166 193 104 171 63 14 44 121 	# 81.441772 -0.346766 -2.969442 -0.508317 1.850072 -2.651020 -0.421886 -0.534861 -9.173697 -10.445377 
69		78.260000	4	282	69.594983		15 28 264 12 39 95 28 178 42 57 116 21 135 111 17 66 282 33 5 67 60 263 42 78 57 61 4 42 47 88 20 54 64 45 144 137 60 75 264 77 28 17 143 89 99 12 50 114 25 43 	# 87.694534 -0.351108 -3.012803 -0.516375 1.855142 -1.492749 -0.427315 -0.543164 -21.276766 -22.558931 
70		82.000000	1	444	86.119992		19 59 52 1 358 45 133 36 54 56 36 49 22 79 36 14 82 90 140 242 31 3 13 58 70 131 155 210 3 74 131 11 12 193 143 34 52 79 12 57 85 30 109 23 444 33 107 88 70 36 	# 80.373338 -0.355261 -3.056582 -0.524518 1.860140 -3.729578 -0.432606 -0.551471 0.567695 -0.725871 
71		84.600000	7	341	81.308935		269 140 36 187 34 19 54 96 45 80 22 52 9 55 10 34 214 158 109 97 28 13 240 67 10 61 244 30 7 36 27 8 157 108 55 65 30 234 95 37 61 166 68 29 14 39 31 192 341 17 	# 85.593918 -0.360091 -3.100467 -0.532580 1.865609 -2.832285 -0.438527 -0.559678 -8.928521 -10.233763 
72		58.020000	1	286	60.354899		16 92 29 21 1 71 61 39 192 38 45 27 4 43 82 33 60 41 286 140 22 55 21 12 44 15 31 86 67 11 28 22 11 93 18 161 40 104 51 129 28 47 11 15 37 241 28 9 135 8 	# 73.805040 -0.364279 -3.144666 -0.540771 1.870459 -6.188822 -0.443858 -0.568021 24.109863 22.793377 
73		64.800000	7	208	47.562204		58 7 82 32 67 44 125 31 26 56 47 112 28 17 172 22 61 23 47 35 208 11 68 21 63 72 60 19 19 178 62 83 9 49 142 11 46 53 50 87 43 88 77 112 69 155 60 13 76 144 	# 82.671413 -0.368330 -3.189130 -0.549021 1.875148 -4.382986 -0.449042 -0.576420 5.522265 4.194703 
74		78.180000	8	282	70.609501		93 86 8 135 102 37 152 72 76 111 215 108 129 18 32 45 52 8 10 218 49 11 49 49 26 258 102 24 20 49 98 64 101 45 10 228 16 24 32 9 168 35 70 13 19 11 282 106 55 179 	# 84.576322 -0.372351 -3.233829 -0.557312 1.879756 -4.318948 -0.454194 -0.584854 4.350699 3.012133 
75		73.180000	4	322	67.372159		45 55 61 72 17 87 95 50 80 88 24 110 26 23 56 162 81 14 52 232 4 15 12 70 55 49 78 47 90 17 97 4 54 7 26 23 104 197 58 103 109 194 22 48 260 15 64 322 38 47 	# 91.830225 -0.376354 -3.278741 -0.565640 1.884281 -2.919073 -0.459331 -0.593320 -10.181012 -11.530510 
76		120.320000	9	581	117.051435		62 16 284 100 262 26 137 106 125 66 121 105 113 241 581 246 165 62 134 13 37 156 64 38 129 35 39 179 40 145 108 48 26 37 21 201 114 35 128 83 172 68 51 198 72 96 42 579 101 9 	# 85.258661 -0.380342 -3.323848 -0.574003 1.888712 -4.976960 -0.464456 -0.601815 9.863219 8.502866 
77		94.860000	5	448	87.599508		448 102 69 16 126 49 109 86 84 25 187 110 83 10 67 5 68 48 103 50 32 298 120 60 13 40 221 33 52 302 183 116 89 22 72 35 41 187 219 32 209 45 59 136 45 82 60 68 21 6 	# 82.667362 -0.383111 -3.367564 -0.582572 1.890148 -6.040390 -0.468331 -0.610749 19.969080 18.602725 
78		88.480000	5	346	83.986938		27 280 12 46 63 121 112 6 19 10 39 101 22 80 37 30 28 122 213 73 57 18 139 96 84 134 97 185 28 53 104 5 138 38 37 18 12 73 28 75 48 121 88 93 28 157 331 313 346 39 	# 90.403799 -0.386978 -3.411994 -0.591094 1.893140 -4.523615 -0.473323 -0.619410 4.269970 2.894032 
79		100.140000	4	399	76.247987		138 41 7 25 106 59 112 72 171 26 129 63 61 166 197 95 94 225 19 47 4 16 220 102 50 15 62 121 114 399 18 73 231 157 8 120 115 91 67 40 102 64 146 34 229 101 153 155 122 25 	# 89.441994 -0.390965 -3.456840 -0.599622 1.896406 -5.182693 -0.478437 -0.628069 10.326956 8.941278 
80		89.980000	4	269	70.323303		66 42 93 12 12 9 18 119 113 5 40 6 106 161 120 193 84 161 49 90 47 64 154 146 11 41 269 53 193 178 41 238 90 8 87 17 113 155 30 78 23 252 35 4 130 74 92 155 38 184 	# 93.544043 -0.394938 -3.502045 -0.608170 1.899765 -4.577114 -0.483542 -0.636740 3.734734 2.339223 
81		94.860000	3	359	85.048368		160 86 84 136 14 54 61 204 29 188 58 28 95 313 97 54 134 59 30 16 84 63 17 150 110 39 80 42 196 3 73 15 33 36 137 24 220 244 69 37 38 62 329 3 17 114 124 42 359 83 	# 99.901936 -0.398909 -3.547510 -0.616736 1.903130 -3.408828 -0.488635 -0.645435 -8.486433 -9.891670 
82		101.120000	8	565	96.307891		342 146 87 63 109 111 29 198 53 44 24 33 53 64 50 215 30 286 99 21 195 160 120 34 64 103 65 90 102 83 56 110 72 190 107 62 55 54 175 43 8 28 153 96 20 27 56 565 39 67 	# 95.779296 -0.402850 -3.593301 -0.625332 1.906553 -4.862001 -0.493707 -0.654144 5.504440 4.089310 
83		98.160000	2	546	99.018110		107 107 135 24 152 111 148 193 150 18 12 91 546 55 14 210 31 54 54 254 52 48 78 25 10 216 30 14 45 14 6 20 183 34 158 113 59 35 83 157 22 134 21 76 364 2 101 112 96 134 	# 123.881891 -0.407632 -3.639421 -0.633549 1.910926 1.740137 -0.499473 -0.662397 -61.059773 -62.485898 
84		117.180000	1	456	111.094681		137 42 111 14 454 39 220 82 57 54 20 122 300 51 89 255 67 19 95 456 1 73 443 82 18 45 65 43 81 7 134 265 134 228 80 254 84 109 34 154 29 66 119 142 72 89 35 60 173 56 	# 126.076074 -0.411665 -3.685842 -0.642028 1.914642 1.863756 -0.504656 -0.670976 -62.841299 -64.277612 
85		117.840000	9	421	100.095946		49 318 31 403 207 54 74 27 33 147 82 130 150 34 135 163 421 128 62 45 9 121 197 134 13 34 49 72 101 93 65 125 74 141 54 78 26 366 10 133 188 58 78 10 26 196 190 64 252 242 	# 118.062267 -0.415542 -3.732507 -0.650619 1.918231 -0.566081 -0.509669 -0.679665 -39.090858 -40.537239 
86		136.260000	14	544	107.542457		79 111 145 82 108 208 100 31 14 117 82 544 18 403 190 44 356 86 25 225 130 95 126 105 152 69 70 139 66 92 206 75 67 129 167 134 76 395 352 73 138 75 53 53 130 88 231 82 177 100 	# 124.956791 -0.419408 -3.779376 -0.659273 1.921796 0.729781 -0.514667 -0.688414 -52.599301 -54.055733 
87		118.240000	2	383	92.069087		10 97 64 11 77 13 52 36 247 226 138 86 31 134 68 167 180 138 91 43 32 20 2 264 168 236 286 89 273 83 112 249 383 113 75 8 184 18 96 67 94 152 231 72 243 63 254 71 25 40 	# 95.401504 -0.426108 -3.823382 -0.667377 1.924945 -7.086258 -0.522276 -0.696809 25.035519 23.572525 
88		119.900000	8	434	100.642882		9 101 205 167 110 34 320 37 92 66 47 93 156 25 244 169 164 317 27 325 34 97 13 46 214 49 49 98 141 320 8 117 109 434 73 25 65 148 133 74 187 103 74 23 326 87 64 89 15 72 	# 105.333538 -0.430692 -3.868600 -0.675968 1.927029 -5.032413 -0.528098 -0.705508 3.957983 2.486009 
89		150.120000	0	709	152.585157		686 106 220 391 115 3 352 373 76 222 41 41 4 173 42 709 275 72 55 29 92 152 32 47 170 86 332 175 304 64 36 35 234 102 270 0 97 50 160 223 36 120 143 75 123 57 17 149 38 102 	# 107.142399 -0.434771 -3.914474 -0.684703 1.929062 -5.010621 -0.533347 -0.714353 3.196127 1.715470 
90		139.620000	12	506	118.286385		12 140 33 149 266 338 154 174 36 49 267 206 21 37 72 96 54 265 188 93 78 73 88 263 35 235 54 350 128 51 351 97 190 13 116 107 140 68 61 220 506 35 14 106 71 403 42 27 356 53 	# 128.284645 -0.438594 -3.960712 -0.693510 1.930984 -0.156633 -0.538310 -0.723291 -45.890439 -47.379288 
91		136.800000	4	710	129.268902		141 140 224 105 33 54 335 58 34 111 204 23 95 22 65 110 77 83 27 117 138 39 68 146 8 87 55 4 54 206 334 40 17 181 349 710 328 148 192 355 77 34 317 31 64 217 180 154 48 201 	# 138.953643 -0.442521 -4.007513 -0.702349 1.933378 2.077678 -0.543380 -0.732223 -68.784132 -70.281924 
92		139.860000	2	517	124.951421		20 196 517 62 160 198 50 57 64 69 382 86 82 74 307 24 2 51 412 156 45 165 108 380 20 11 320 110 41 39 241 58 344 254 240 80 59 34 18 98 130 246 52 6 334 95 89 90 199 118 	# 130.669689 -0.446433 -4.054739 -0.711213 1.935991 -0.427519 -0.548436 -0.741173 -44.285885 -45.792809 
93		143.420000	9	456	103.492303		176 154 100 99 112 38 156 155 88 89 18 213 235 23 101 135 34 335 174 157 68 289 405 134 72 35 9 249 90 208 387 48 142 117 95 216 127 81 42 61 57 81 16 161 456 204 287 128 225 89 	# 137.396833 -0.450321 -4.102321 -0.720101 1.938746 0.818794 -0.553468 -0.750142 -57.305521 -58.821717 
94		116.800000	6	448	106.285714		22 277 365 113 448 16 134 138 58 69 68 51 195 33 301 97 20 129 36 59 203 15 104 265 58 58 137 9 74 100 22 37 11 181 66 185 75 50 313 110 67 6 153 17 215 93 378 109 38 62 	# 124.797134 -0.452461 -4.150829 -0.729663 1.940518 -2.768690 -0.556990 -0.759828 -21.995874 -23.520842 
95		171.540000	0	614	165.262217		105 8 82 604 79 168 394 33 94 262 98 115 513 90 31 220 74 326 284 47 62 445 80 300 46 25 548 20 48 16 341 34 94 388 71 35 269 42 235 157 223 107 614 238 87 21 252 50 0 102 	# 143.338456 -0.457741 -4.198684 -0.738185 1.944535 1.428934 -0.563127 -0.768375 -64.530151 -66.065085 
96		143.060000	4	498	125.921325		5 232 251 112 70 114 101 72 31 130 172 58 367 344 308 81 147 220 462 482 126 184 41 96 39 42 32 131 45 371 136 29 59 498 4 119 5 210 10 72 51 12 160 113 183 111 132 74 117 192 	# 127.098727 -0.458448 -4.247233 -0.747924 1.944507 -3.070765 -0.565303 -0.778338 -20.102229 -21.643758 
97		168.940000	6	882	200.172620		71 277 45 48 11 245 83 523 24 381 264 76 419 8 321 50 38 344 32 43 37 89 319 849 100 113 116 79 6 195 219 66 41 179 44 10 189 15 136 265 63 283 16 6 25 882 571 72 21 138 	# 117.281357 -0.461754 -4.295901 -0.757188 1.946982 -5.966105 -0.569681 -0.787678 8.284285 6.733808 
98		133.300000	4	853	161.596910		98 47 33 21 64 71 4 333 43 79 355 29 12 592 303 105 56 227 175 163 58 43 107 31 117 287 473 24 93 38 324 38 56 25 161 23 41 98 853 144 138 75 81 28 44 33 74 194 80 74 	# 114.160182 -0.465560 -4.344708 -0.766329 1.949910 -7.188512 -0.574619 -0.796883 19.941066 18.381135 
99		134.000000	4	623	142.002587		550 278 74 4 89 11 140 44 17 22 81 623 74 141 64 142 86 11 91 21 245 499 72 186 204 211 65 143 40 24 262 127 56 25 78 4 105 59 139 233 96 184 36 83 45 516 124 132 37 107 	# 128.382572 -0.469398 -4.393676 -0.775440 1.952853 -4.076188 -0.579608 -0.806056 -11.750969 -13.320400 
100		132.380000	5	522	129.801086		5 58 154 271 118 19 135 140 46 195 51 30 325 35 109 54 291 18 96 278 100 250 155 67 25 48 135 53 13 194 155 47 522 63 9 292 296 511 58 5 32 29 200 408 291 13 57 106 21 36 	# 130.171539 -0.473226 -4.442813 -0.784554 1.955783 -4.073430 -0.584592 -0.815228 -12.349020 -13.927955 
101		150.280000	5	557	135.586863		101 5 130 265 446 101 52 50 84 140 557 170 94 83 196 115 30 25 164 127 97 295 77 237 83 31 36 386 362 166 123 280 58 84 182 22 73 494 42 55 23 70 63 132 495 32 118 89 120 254 	# 133.512215 -0.477047 -4.492121 -0.793683 1.958706 -3.683984 -0.589572 -0.824415 -16.815652 -18.404101 
102		171.740000	5	1053	201.407173		219 145 324 48 18 62 49 79 220 229 53 153 77 185 309 382 31 365 437 41 161 103 99 910 89 238 72 155 109 338 152 5 20 297 349 55 27 110 1053 89 154 90 15 121 29 56 54 145 51 15 	# 131.910578 -0.480867 -4.541596 -0.802833 1.961626 -4.531373 -0.594554 -0.833621 -8.915649 -10.513624 
103		157.200000	6	936	154.105848		92 169 93 329 53 132 153 11 149 54 169 58 164 255 151 143 153 526 45 95 82 149 116 14 20 36 35 168 322 19 196 208 124 165 36 6 22 68 214 115 114 936 287 114 374 113 94 150 299 270 	# 132.217389 -0.484666 -4.591150 -0.812195 1.964432 -4.903065 -0.599593 -0.843066 -5.772874 -7.380141 
104		176.280000	8	1114	191.483792		84 132 659 81 64 345 279 69 1114 27 17 330 321 269 54 127 280 16 66 113 235 132 377 148 52 331 41 150 120 160 106 218 236 401 98 29 78 228 8 51 148 58 26 346 329 24 32 24 146 35 	# 138.153468 -0.488512 -4.640846 -0.821479 1.967254 -3.868626 -0.604597 -0.852405 -16.694004 -18.310730 
105		161.020000	3	630	150.677719		73 37 34 13 82 235 342 5 343 240 6 214 81 28 146 344 44 27 131 275 93 245 139 79 177 491 65 162 163 179 106 289 79 3 9 67 270 630 470 80 602 101 48 79 28 213 156 21 173 134 	# 131.720987 -0.492376 -4.690695 -0.830745 1.970079 -5.927487 -0.609626 -0.861724 3.316465 1.690261 
106		158.060000	1	615	144.982111		18 274 102 57 60 70 87 90 112 263 52 435 115 4 1 445 375 142 249 35 56 306 57 18 413 241 39 310 331 336 217 34 239 42 362 37 132 153 18 110 30 34 46 287 22 116 615 141 112 63 	# 140.894912 -0.496235 -4.740708 -0.840017 1.972897 -4.085964 -0.614655 -0.871048 -15.678568 -17.314261 
107		156.240000	1	543	117.706928		222 83 190 198 153 543 149 139 18 91 152 98 76 299 125 179 1 50 42 59 289 114 6 224 36 127 126 52 234 246 435 199 102 57 73 35 109 70 456 211 146 51 40 237 273 216 43 312 153 273 	# 133.314422 -0.500098 -4.790964 -0.849303 1.975803 -6.434316 -0.619685 -0.880382 7.223020 5.577730 
108		162.780000	4	686	141.567650		49 80 293 169 263 146 4 6 73 133 36 202 107 103 211 187 329 428 95 125 120 225 130 54 54 153 128 187 6 134 15 15 29 339 127 145 128 363 574 115 119 300 686 274 20 128 74 22 313 123 	# 145.571258 -0.503966 -4.841412 -0.858607 1.978744 -3.824607 -0.624722 -0.889734 -19.457876 -21.112785 
109		165.760000	3	672	145.839241		25 36 18 24 198 154 168 54 112 92 236 433 293 296 14 121 42 156 254 178 37 62 32 163 284 94 216 281 672 192 110 196 490 147 139 26 7 213 62 250 461 280 72 112 18 49 66 461 189 3 	# 152.166079 -0.507835 -4.892044 -0.867933 1.981712 -2.631688 -0.629763 -0.899107 -31.972733 -33.637303 
110		207.760000	5	725	180.459454		80 383 23 706 237 344 200 90 140 5 324 202 725 91 487 205 449 51 62 48 144 366 123 217 104 52 40 584 214 234 116 69 467 51 22 43 264 298 70 10 16 145 389 207 221 20 138 179 249 484 	# 152.681306 -0.511707 -4.942852 -0.877283 1.984698 -2.959961 -0.634810 -0.908503 -29.277496 -30.951763 
111		165.240000	14	698	151.365831		193 698 43 166 49 38 89 44 45 240 56 14 228 129 191 69 81 409 83 485 146 116 152 156 222 77 289 58 279 101 409 241 94 77 226 123 109 605 40 320 387 93 16 211 27 93 17 56 77 95 	# 147.466871 -0.515584 -4.993829 -0.886659 1.987701 -4.721948 -0.639865 -0.917925 -12.246906 -13.930901 
112		182.520000	2	701	160.343030		128 506 196 132 203 112 228 305 82 121 74 138 399 30 86 158 71 131 281 2 150 307 121 187 588 172 19 701 25 46 359 57 14 151 49 24 515 437 110 42 28 222 154 104 176 247 130 56 125 427 	# 158.229801 -0.519466 -5.044970 -0.896061 1.990715 -2.490896 -0.644929 -0.927371 -35.148462 -36.842213 
113		135.320000	3	573	119.261578		286 12 442 148 101 172 212 12 216 188 93 228 3 11 112 32 52 45 27 219 132 79 62 413 106 135 104 86 92 191 33 63 251 66 81 82 61 573 106 70 317 113 82 148 106 109 44 349 39 62 	# 144.571801 -0.523355 -5.096271 -0.905490 1.993738 -6.366381 -0.650003 -0.936844 3.013628 1.310092 
114		187.920000	3	654	169.722684		534 358 27 199 241 57 59 84 170 13 360 305 39 527 299 46 375 73 242 152 70 17 173 416 143 344 187 124 542 38 223 12 74 51 211 261 23 311 9 211 169 29 10 77 100 534 654 26 3 194 	# 151.005838 -0.527252 -5.147729 -0.914945 1.996767 -5.220167 -0.655087 -0.946342 -9.043007 -10.756351 
115		155.700000	8	767	157.692060		551 40 262 315 36 13 129 97 40 245 104 34 73 8 126 105 162 103 520 34 127 767 180 531 95 103 396 169 162 66 17 144 137 26 106 233 157 54 100 14 236 59 201 73 134 66 280 101 15 39 	# 156.800227 -0.531157 -5.199341 -0.924428 1.999803 -4.235177 -0.660183 -0.955868 -19.489115 -21.212291 
116		162.180000	18	725	145.212819		295 76 104 97 301 317 95 168 55 134 162 136 668 148 231 82 245 191 159 76 339 150 26 62 42 77 85 38 725 18 51 49 77 21 51 183 89 79 23 287 342 378 183 140 107 185 80 256 131 95 	# 163.067779 -0.535071 -5.251107 -0.933937 2.002842 -3.133211 -0.665290 -0.965420 -31.106688 -32.839718 
117		187.240000	5	584	149.056154		205 19 239 25 53 79 313 36 197 61 166 270 334 38 157 533 432 492 69 85 83 23 42 154 119 26 34 584 44 114 104 152 446 249 445 238 137 5 160 256 227 65 119 333 233 105 265 143 407 247 	# 154.784963 -0.538993 -5.303025 -0.943473 2.005885 -5.670155 -0.670410 -0.974999 -6.336864 -8.079771 
118		172.420000	4	568	146.781677		196 96 138 530 14 118 406 157 100 5 14 65 85 196 58 86 107 258 102 270 81 113 299 111 45 178 35 41 71 367 103 568 4 117 100 235 149 371 233 281 118 31 256 67 210 13 59 468 409 487 	# 160.948671 -0.542924 -5.355094 -0.953037 2.008931 -4.596788 -0.675542 -0.984605 -17.671845 -19.424650 
119		192.720000	11	682	137.425756		109 235 235 245 266 256 222 64 332 263 682 315 103 226 256 26 93 25 170 162 217 91 78 253 224 132 39 11 407 250 62 143 341 138 260 173 108 28 39 88 413 87 497 43 38 92 182 423 276 218 	# 162.932244 -0.546865 -5.407314 -0.962628 2.011980 -4.569778 -0.680687 -0.994238 -18.544953 -20.307678 
120		154.660000	1	688	134.925620		54 421 192 141 500 327 137 29 306 67 354 6 148 109 57 75 29 146 97 26 91 71 269 95 106 220 101 60 229 216 223 122 688 169 1 94 119 326 164 43 71 67 11 198 257 111 35 107 41 207 	# 153.157323 -0.548133 -5.458766 -0.971898 2.011354 -7.482449 -0.682899 -1.003692 9.974772 8.206731 
121		165.680000	6	515	141.590447		272 467 128 216 354 75 6 60 94 83 282 32 203 334 30 9 15 111 64 84 482 515 21 212 201 77 64 6 107 86 117 287 166 383 43 156 112 63 246 57 91 266 500 224 21 69 354 137 32 270 	# 159.561482 -0.551693 -5.510892 -0.981344 2.013563 -6.352473 -0.687645 -1.013191 -1.928998 -3.706234 
122		150.860000	6	532	128.345040		88 320 371 160 38 33 10 242 94 123 233 35 65 282 204 357 144 14 229 532 143 139 48 91 244 40 327 58 8 250 386 156 90 34 6 52 371 110 12 121 44 67 114 41 355 154 16 211 268 13 	# 153.576237 -0.555572 -5.563341 -0.990918 2.016264 -8.321547 -0.692737 -1.022813 17.154952 15.368070 
123		183.540000	1	1078	199.155791		154 48 32 53 581 380 89 43 224 24 51 123 92 44 652 237 1078 172 382 78 42 152 77 181 159 32 384 141 202 4 79 248 73 138 73 33 1 221 116 139 42 572 156 71 256 314 85 75 397 177 	# 160.546116 -0.559518 -5.616029 -1.000574 2.019118 -7.053324 -0.697900 -1.032515 3.863604 2.066907 
124		159.280000	8	659	142.692196		135 20 92 112 189 271 269 316 9 130 55 308 9 347 146 55 67 161 325 41 164 165 90 58 8 79 24 31 12 133 56 659 93 329 122 219 75 128 16 52 324 532 67 144 139 475 161 154 82 316 	# 158.499830 -0.563488 -5.668916 -1.010285 2.022042 -8.040545 -0.703091 -1.042270 13.124647 11.318055 
125		163.460000	5	705	151.742963		49 100 14 15 183 228 28 591 457 30 310 324 44 54 51 41 350 114 239 193 5 148 348 93 448 55 157 705 98 175 193 93 327 64 17 53 221 257 77 99 80 211 89 81 215 108 32 107 132 70 	# 173.914209 -0.567475 -5.721981 -1.020035 2.025004 -4.663969 -0.708299 -1.052064 -21.254177 -23.070718 
126		142.680000	3	612	133.612971		267 126 247 94 60 10 612 346 48 253 487 23 79 154 35 137 42 30 64 290 42 135 39 152 3 103 207 196 135 110 31 393 181 85 178 53 71 40 25 182 47 34 122 60 300 104 97 69 74 462 	# 155.787588 -0.571473 -5.775213 -1.029818 2.027989 -9.674000 -0.713523 -1.061891 28.231231 26.404701 
127		170.580000	3	640	169.120666		23 103 59 286 45 11 15 57 400 110 240 61 9 95 48 182 23 298 48 415 63 111 26 350 209 3 239 67 18 343 470 248 429 88 19 83 528 150 3 95 19 119 640 61 208 538 67 316 436 55 	# 161.578116 -0.575483 -5.828608 -1.039631 2.030989 -8.706095 -0.718761 -1.071747 17.935495 16.098941 
128		129.980000	1	654	144.319726		354 34 68 90 50 106 28 41 654 32 88 27 124 278 49 1 98 35 38 48 283 165 74 79 38 37 32 58 23 136 127 101 413 101 596 108 11 44 128 117 94 488 104 197 235 185 11 116 72 83 	# 174.159918 -0.579502 -5.882160 -1.049473 2.034001 -6.041723 -0.724012 -1.081633 -9.326687 -11.173293 
129		168.420000	7	892	174.146794		40 11 224 92 186 52 69 88 166 52 196 36 276 225 125 43 155 532 342 85 65 282 140 78 120 383 106 432 21 35 224 109 93 163 110 16 7 59 7 56 126 53 448 86 106 579 296 892 325 9 	# 164.514813 -0.583532 -5.935868 -1.059344 2.037022 -8.935431 -0.729277 -1.091546 18.990172 17.133484 
130		145.040000	10	507	107.238616		39 237 152 140 67 33 10 13 117 25 200 507 235 140 113 325 59 156 209 83 108 259 498 152 66 168 79 84 243 184 59 190 217 104 47 140 66 87 153 360 151 46 177 83 135 73 142 193 86 42 	# 165.236770 -0.587572 -5.989732 -1.069242 2.040050 -9.238729 -0.734555 -1.101488 21.401177 19.534382 
131		183.700000	3	418	114.407837		252 128 331 87 366 148 235 118 178 128 216 235 184 53 263 69 119 307 131 397 179 99 260 98 280 253 32 145 21 418 167 92 44 325 113 179 271 24 120 225 335 51 72 409 24 203 265 399 3 134 	# 169.883062 -0.591622 -6.043750 -1.079169 2.043085 -8.562303 -0.739847 -1.111457 14.013176 12.136247 
132		160.940000	11	723	139.229133		190 305 136 69 83 33 158 52 72 42 65 66 344 216 249 31 723 223 98 585 364 40 139 18 82 16 109 108 97 39 77 148 88 158 167 199 111 212 309 308 220 113 144 11 179 144 141 360 23 183 	# 212.751784 -0.595663 -6.097926 -1.089127 2.046110 1.668368 -0.745136 -1.121458 -88.919066 -90.806137 
133		158.160000	5	805	145.872374		274 273 255 83 36 5 100 103 409 280 25 215 59 209 30 180 111 252 805 64 101 80 467 138 37 71 142 50 75 55 78 17 200 183 7 194 107 181 154 264 117 122 439 352 53 68 162 44 41 141 	# 205.958190 -0.599723 -6.152258 -1.099112 2.049152 -0.517907 -0.750446 -1.131486 -67.683595 -69.580845 
134		176.060000	14	590	139.384567		167 92 420 85 240 292 284 312 84 147 399 14 184 24 82 26 154 189 249 336 80 163 53 14 267 368 213 561 197 146 86 29 117 281 72 58 101 276 101 590 99 407 33 56 31 210 105 60 193 56 	# 201.545088 -0.603795 -6.206744 -1.109126 2.052203 -2.110430 -0.755773 -1.141542 -52.387415 -54.294872 
135		155.380000	5	692	144.726186		31 146 15 202 52 5 20 61 178 29 90 89 410 393 125 300 160 451 336 200 33 8 126 18 235 12 152 64 148 692 14 71 48 73 31 158 58 307 145 35 219 379 71 253 141 27 118 195 277 368 	# 222.108547 -0.607879 -6.261385 -1.119168 2.055261 2.539815 -0.761113 -1.151626 -99.520675 -101.438366 
136		544.840000	9	2008	428.133555		963 329 660 1547 485 210 196 57 130 688 528 900 663 953 560 1084 187 831 1034 225 9 969 428 878 1186 136 257 926 657 105 1238 115 154 508 137 376 63 818 126 575 496 227 36 676 2008 570 383 82 297 576 	# 203.624496 -0.611973 -6.316181 -1.129238 2.058325 -2.573195 -0.766468 -1.161738 -49.023167 -50.951117 
137		456.820000	20	1841	432.654488		74 48 264 544 148 266 93 71 569 901 379 136 36 765 316 402 193 948 432 1463 348 558 664 306 570 79 32 464 83 278 20 1598 470 59 30 512 315 1170 619 35 28 951 1841 598 557 395 49 652 238 1274 	# 217.051252 -0.609917 -6.357819 -1.138897 2.041045 0.299664 -0.765029 -1.172890 -78.302467 -80.205639 
138		589.880000	21	2644	560.553867		367 56 109 149 414 326 116 635 338 294 1582 97 454 302 253 394 1101 36 348 91 239 145 918 1514 286 823 1534 1029 962 218 514 1904 734 497 169 1002 747 21 921 65 535 694 209 2644 62 813 1651 47 424 711 	# 190.684227 -0.613359 -6.405575 -1.149168 2.035436 -6.783069 -0.769962 -1.183267 -8.064484 -9.970515 
139		474.880000	8	2505	554.576089		236 320 2044 343 223 343 370 56 988 41 104 336 509 259 1008 726 644 123 81 107 8 243 201 2505 1630 37 52 22 151 123 64 246 296 375 611 146 738 13 655 442 1247 206 160 191 402 131 1814 137 1099 938 	# 219.455699 -0.617365 -6.455674 -1.159567 2.032599 -0.082852 -0.775338 -1.193766 -75.668612 -77.579336 
140		517.460000	14	2101	508.460992		770 381 248 497 210 109 468 209 127 213 258 151 163 1324 280 1979 432 68 1295 162 487 1032 290 14 520 489 47 2101 1367 1183 120 52 167 148 323 766 787 166 276 108 189 730 93 313 888 838 454 260 584 1737 	# 215.531715 -0.621409 -6.507474 -1.170017 2.031377 -1.558003 -0.780738 -1.204283 -61.530218 -63.447136 
141		368.660000	10	1669	317.269383		39 461 120 271 330 10 186 520 211 844 75 88 536 1021 890 227 330 69 70 639 84 26 206 506 208 1097 140 480 102 498 177 1669 206 472 204 610 425 649 285 393 64 433 480 218 154 468 184 435 405 218 	# 208.132748 -0.625383 -6.560500 -1.180474 2.031192 -3.903233 -0.786053 -1.214788 -38.699311 -40.623368 
142		565.040000	9	2073	476.436259		1320 167 321 216 423 132 68 9 177 51 582 477 160 1053 806 1364 1660 772 698 96 36 238 344 599 362 1098 340 137 689 2073 198 768 402 1708 517 810 652 400 118 810 279 720 702 690 119 132 460 1413 515 371 	# 213.812133 -0.629293 -6.614436 -1.190926 2.031734 -2.980165 -0.791293 -1.225274 -48.557745 -50.489611 
143		424.640000	2	1839	431.836740		1839 17 158 209 398 917 139 73 223 52 155 235 202 329 866 129 2 312 432 1087 862 126 311 907 51 466 103 81 136 533 325 226 38 50 188 630 584 1294 145 115 353 297 1500 854 181 616 36 1293 1002 155 	# 211.445135 -0.633156 -6.669062 -1.201373 2.032806 -4.069984 -0.796479 -1.235746 -38.292377 -40.232547 
144		556.880000	12	2018	541.121535		2018 113 225 1694 227 291 502 306 12 853 392 69 1984 885 635 950 1264 132 535 189 111 135 1227 202 339 151 998 1032 968 1670 25 428 134 968 525 53 942 243 1430 244 176 98 34 269 1032 425 81 87 152 389 	# 222.066965 -0.636988 -6.724227 -1.211818 2.034272 -1.913903 -0.801631 -1.246211 -60.490187 -62.439036 
145		562.320000	30	2828	530.707900		132 207 315 582 271 531 682 279 230 450 125 223 220 811 496 947 1317 861 360 206 303 827 923 1847 30 112 661 207 1033 142 1286 93 760 435 858 414 431 307 2828 1734 170 193 180 292 181 267 134 512 1105 606 	# 201.691191 -0.640801 -6.779820 -1.222267 2.036035 -7.508547 -0.806764 -1.256676 -5.184262 -7.142081 
146		510.040000	15	2745	532.209064		160 558 247 215 332 148 546 129 204 723 335 112 1734 731 116 850 280 382 1114 452 317 463 142 138 18 674 1416 1225 642 619 131 2745 171 18 911 61 155 219 15 87 575 431 883 905 197 685 80 94 397 1720 	# 219.769924 -0.644607 -6.835764 -1.232726 2.038028 -3.490908 -0.811889 -1.267148 -46.004237 -47.971257 
147		408.680000	24	1442	373.826078		371 192 273 616 625 172 959 269 760 140 34 41 73 748 171 127 1086 336 785 237 105 304 1442 1040 665 84 674 175 1087 421 201 614 612 207 1019 215 30 44 83 24 71 88 26 986 175 1079 487 170 87 204 	# 209.838839 -0.648412 -6.892003 -1.243198 2.040201 -6.477085 -0.817016 -1.277633 -16.788800 -18.765209 
148		456.820000	2	1972	454.224645		233 70 1972 2 125 777 152 817 173 699 591 807 347 73 584 408 203 173 415 365 694 340 34 37 1520 232 19 328 27 213 202 492 147 1646 637 64 400 292 1399 321 1000 132 5 535 106 1172 297 978 343 243 	# 222.857057 -0.652222 -6.948498 -1.253686 2.042519 -3.727314 -0.822149 -1.288134 -44.935363 -46.921317 
149		420.340000	7	2510	461.425812		45 234 1637 122 568 447 406 2510 279 748 403 504 590 173 392 38 7 141 236 111 117 257 117 981 561 155 280 415 751 143 10 46 393 464 24 1171 696 21 207 866 977 117 737 188 25 88 119 253 314 933 	# 210.744849 -0.656041 -7.005218 -1.264195 2.044954 -7.261540 -0.827294 -1.298655 -10.244296 -12.239926 
150		535.820000	7	1919	452.712897		504 1208 204 412 902 492 417 150 299 1286 169 285 1366 265 854 416 1919 298 90 329 380 64 800 302 378 521 60 115 44 1212 1834 158 1187 445 562 1272 614 249 583 289 381 7 541 232 751 677 308 634 117 209 	# 220.552218 -0.659873 -7.062145 -1.274724 2.047488 -5.317276 -0.832455 -1.309198 -30.340358 -32.345779 
151		501.560000	7	1621	464.182457		48 710 796 149 234 104 7 310 347 1458 1531 76 83 1030 356 314 156 30 732 230 1397 580 257 60 627 1496 136 219 586 499 207 266 1233 1621 75 358 570 67 452 435 302 173 659 140 560 398 1310 1294 313 87 	# 227.694548 -0.663718 -7.119263 -1.285277 2.050106 -4.040689 -0.837633 -1.319765 -43.761807 -45.777122 
152		519.040000	6	2360	493.193052		109 369 649 50 355 664 836 325 315 817 375 279 695 111 692 106 1288 1602 79 507 686 631 50 464 124 612 571 628 101 837 1810 122 587 40 2360 505 197 537 1340 49 1131 311 253 6 292 105 22 400 889 69 	# 214.177772 -0.667579 -7.176562 -1.295854 2.052796 -7.930305 -0.842829 -1.330357 -5.523309 -7.548610 
153		434.500000	25	1798	360.013336		529 282 36 480 331 647 53 736 92 541 624 492 456 96 29 183 469 910 1031 203 255 853 893 148 203 260 637 256 141 66 615 25 130 1798 825 42 810 211 128 493 157 119 496 437 1206 586 269 199 359 888 	# 221.144818 -0.673042 -7.233705 -1.306676 2.056797 -6.700632 -0.849775 -1.341201 -18.471658 -20.507906 
154		513.200000	6	2180	526.488018		119 1801 106 1691 993 385 733 225 1403 2180 254 1494 70 468 51 229 186 6 221 692 190 1050 273 217 106 494 601 78 382 343 187 124 967 891 977 550 81 628 103 375 336 136 41 620 657 71 90 163 1519 103 	# 190.868497 -0.677227 -7.291031 -1.317449 2.059569 -14.783049 -0.855331 -1.351993 61.692885 59.646487 
155		450.260000	24	2598	473.577691		111 476 26 727 757 105 641 50 74 476 117 2598 153 324 271 850 247 90 663 122 260 276 220 589 935 24 265 1240 106 718 1432 243 89 199 69 421 835 372 64 652 476 35 346 640 1557 294 522 103 347 306 	# 193.443583 -0.681226 -7.348556 -1.328185 2.062218 -14.653810 -0.860684 -1.362751 59.738881 57.682458 
156		609.120000	17	2720	578.684668		247 565 1427 697 321 1210 1157 1641 206 17 170 588 522 53 198 1725 269 449 332 95 70 219 520 2720 599 1540 99 334 440 45 184 420 1541 790 147 382 329 630 400 1078 223 941 1073 188 157 966 252 302 1762 216 	# 202.009646 -0.685199 -7.406292 -1.338911 2.064918 -13.028184 -0.866011 -1.373500 42.818783 40.752270 
157		578.840000	9	1880	503.514844		812 1880 353 9 1083 605 63 184 430 1478 13 48 1352 614 104 1308 133 762 29 398 1290 704 307 496 63 438 743 26 68 481 1063 422 1582 26 24 334 1095 1175 534 545 203 53 698 331 371 378 1039 333 1737 725 	# 198.616638 -0.691187 -7.463913 -1.348958 2.069382 -14.393108 -0.873124 -1.383478 55.806419 53.728166 
158		462.040000	3	1961	440.948095		953 382 98 51 674 167 1100 1185 498 533 1123 34 207 281 249 42 34 273 171 385 323 1961 462 1122 299 99 488 76 62 1313 226 498 265 142 297 1434 541 237 339 740 145 699 122 74 3 240 368 1034 985 68 	# 207.629643 -0.693475 -7.522215 -1.360141 2.070727 -12.658775 -0.877063 -1.394771 37.792340 35.705116 
159		639.540000	8	3424	655.543464		316 1096 1050 164 703 2757 465 596 165 1140 62 443 3424 935 238 764 592 476 50 769 305 721 106 454 1401 557 506 8 1800 350 347 489 518 628 422 1841 964 703 283 100 57 102 473 512 177 123 434 415 123 853 	# 195.775014 -0.699186 -7.580309 -1.370363 2.075124 -16.142217 -0.883862 -1.404930 71.959500 69.860608 
160		495.020000	2	1786	433.854602		672 178 429 175 369 381 675 870 62 464 234 55 631 1303 18 538 228 818 289 284 49 245 152 253 362 200 1395 19 464 2 551 1786 1257 477 400 1082 597 120 238 1534 1281 349 29 929 517 360 41 756 168 465 	# 213.557294 -0.703519 -7.638702 -1.380955 2.078331 -12.217994 -0.889608 -1.415542 32.046371 29.936752 
161		507.880000	9	2299	518.764767		123 644 29 21 163 431 53 450 1763 1521 2299 49 829 1711 446 216 93 907 420 129 959 423 360 447 839 56 511 582 60 267 338 266 870 394 99 129 1663 206 79 367 632 1127 343 259 52 638 209 587 9 326 	# 212.314599 -0.707567 -7.697336 -1.391688 2.081361 -13.051656 -0.895041 -1.426301 39.708857 37.588700 
162		604.280000	30	3959	662.057277		3959 1669 202 420 172 30 1557 477 359 145 1606 106 259 417 1655 39 223 299 557 453 1241 397 205 657 746 110 128 267 416 359 733 423 390 112 74 305 1367 133 852 1163 647 312 615 47 58 912 668 817 625 831 	# 202.214549 -0.711611 -7.756177 -1.402492 2.084453 -16.101254 -0.900464 -1.437133 69.528316 67.397549 
163		483.720000	19	1447	379.632316		1164 181 130 1183 19 1058 186 288 243 425 155 354 610 220 338 700 71 237 151 471 1055 227 794 1189 846 207 432 357 1093 224 705 651 337 40 383 180 698 189 690 272 163 646 1156 41 749 814 270 112 1447 35 	# 206.062815 -0.715679 -7.815204 -1.413346 2.087611 -15.665333 -0.905913 -1.448015 64.490428 62.348966 
164		500.280000	3	2067	508.150590		126 285 795 196 143 1859 2067 19 489 915 203 125 40 258 591 652 47 1112 86 580 611 900 148 96 446 424 204 194 808 99 142 1215 1241 368 779 482 363 129 169 186 558 604 1945 25 328 99 1283 557 20 3 	# 216.321672 -0.719770 -7.874405 -1.424237 2.090821 -13.628309 -0.911389 -1.458936 43.439428 41.287199 
165		512.620000	13	2447	558.157826		298 60 396 1356 1639 13 1485 751 40 446 437 182 1041 1919 126 373 25 128 201 267 41 322 366 1637 468 271 140 182 63 1264 421 351 672 142 691 974 467 308 107 114 2447 1047 176 61 260 268 128 104 130 826 	# 205.864243 -0.723881 -7.933777 -1.435162 2.094072 -16.771899 -0.916888 -1.469892 74.192503 72.029442 
166		575.140000	14	1943	486.450535		91 871 1521 346 83 14 1654 263 186 741 135 459 554 117 1812 371 171 1021 385 912 203 251 344 1943 284 1249 327 696 97 364 516 435 1425 171 497 155 993 554 78 134 710 270 90 713 1152 727 264 1042 639 727 	# 197.781491 -0.728011 -7.993318 -1.446119 2.097359 -19.323362 -0.922410 -1.480881 99.022277 96.848325 
167		404.580000	28	2020	395.439104		772 497 65 944 234 94 124 873 147 206 440 97 173 672 503 616 39 366 71 105 353 360 1129 834 215 884 143 1053 192 105 33 807 2020 485 30 38 362 320 348 161 62 349 28 344 1121 403 94 65 665 188 	# 215.286290 -0.732158 -8.053027 -1.457108 2.100681 -15.479485 -0.927954 -1.491902 59.896614 57.711713 
168		516.920000	27	2102	457.750214		631 898 128 767 1582 198 61 777 711 727 545 393 342 129 730 524 1077 535 27 129 1536 449 209 168 867 611 1079 2102 492 1042 378 66 1462 66 332 98 747 445 68 303 534 141 114 77 171 501 108 294 107 368 	# 214.733989 -0.736323 -8.112906 -1.468127 2.104035 -16.151438 -0.933520 -1.502955 65.927199 63.731295 
169		469.860000	16	1592	413.331907		50 491 49 197 856 580 369 433 278 353 1161 1084 1101 55 652 157 115 833 77 220 1592 439 725 235 23 76 201 342 193 1055 398 943 303 881 973 233 1558 130 467 192 172 16 294 52 22 479 613 1068 691 16 	# 203.350100 -0.740505 -8.172955 -1.479177 2.107420 -19.532848 -0.939107 -1.514041 99.050314 96.843351 
170		473.700000	22	1840	401.241148		548 231 172 675 75 943 39 1007 390 140 421 1270 953 164 61 418 1840 470 582 474 248 111 516 670 303 75 449 798 253 400 914 319 180 143 1293 477 545 1293 408 198 546 97 22 381 53 1116 55 364 508 77 	# 207.690610 -0.744704 -8.233174 -1.490259 2.110835 -18.984726 -0.944715 -1.525158 92.876049 90.657975 
171		477.480000	12	1756	427.783191		304 45 136 867 24 1368 424 1093 260 213 72 301 209 696 348 568 115 503 12 630 166 125 133 362 908 289 44 49 1756 1015 84 374 1322 158 861 1544 83 542 365 806 141 498 437 521 160 1007 846 619 442 29 	# 228.871309 -0.748919 -8.293565 -1.501371 2.114279 -14.228132 -0.950344 -1.536307 44.614995 42.385757 
172		490.760000	11	2252	479.896186		259 43 337 196 961 91 80 76 475 546 938 143 135 106 1774 70 286 1395 2252 328 156 228 842 213 896 273 11 811 935 859 124 92 268 632 323 361 159 1513 624 820 363 771 90 936 203 187 456 403 455 43 	# 222.004756 -0.753152 -8.354128 -1.512515 2.117752 -16.484931 -0.955995 -1.547489 66.485814 64.245360 
173		465.260000	6	2006	460.989743		10 589 281 30 1809 354 963 507 265 77 1998 217 849 117 650 685 127 112 460 321 63 48 651 410 1030 331 2006 41 162 124 286 263 474 845 303 777 319 688 290 397 746 331 216 6 474 106 119 152 498 686 	# 227.520958 -0.757401 -8.414864 -1.523691 2.121252 -15.647630 -0.961666 -1.558703 57.413549 55.161827 
174		411.160000	13	1160	351.050747		118 494 775 558 332 298 25 167 224 1029 32 938 112 764 106 734 926 93 644 15 674 1137 373 992 1160 812 670 341 110 42 458 210 55 360 357 13 219 924 71 78 1012 658 250 340 219 18 138 207 61 215 	# 219.003559 -0.761666 -8.475775 -1.534898 2.124780 -18.320323 -0.967358 -1.569950 83.439150 81.176109 
175		521.860000	5	2359	540.711286		423 17 302 92 393 71 5 28 694 947 126 2359 420 328 555 137 126 619 34 283 188 206 337 515 484 158 381 383 1405 19 860 223 883 1284 1000 2233 346 215 868 712 531 2047 578 485 179 147 426 10 387 644 	# 233.672994 -0.765948 -8.536861 -1.546137 2.128333 -15.197910 -0.973070 -1.581229 51.511586 49.237177 
176		514.140000	27	2595	498.452217		461 647 203 550 623 2595 134 226 605 506 135 1820 303 869 701 668 159 203 81 27 170 172 467 330 579 1178 72 153 1512 1223 132 149 573 695 587 778 417 107 668 1267 734 118 156 58 716 145 31 277 335 392 	# 216.419401 -0.770247 -8.598123 -1.557409 2.131913 -20.057862 -0.978803 -1.592541 99.405578 97.119749 
177		470.780000	9	1526	391.940921		204 568 811 230 369 661 1095 727 244 45 410 1144 1468 9 90 271 40 217 158 259 598 12 691 175 265 502 85 512 115 477 377 393 63 250 526 105 935 372 173 1227 1526 444 452 634 217 1135 98 926 1020 214 	# 244.338573 -0.774561 -8.659562 -1.568713 2.135519 -13.626238 -0.984557 -1.603887 34.381699 32.084402 
178		419.860000	10	1666	373.653338		268 224 189 98 802 905 596 231 376 251 198 378 187 109 1621 894 1204 758 88 106 1666 32 553 373 34 336 383 219 172 207 506 790 10 757 274 433 42 149 191 163 163 806 545 546 446 434 211 103 736 230 	# 239.396734 -0.778892 -8.721179 -1.580049 2.139149 -15.411487 -0.990331 -1.615265 51.524444 49.215630 
179		593.500000	24	2468	626.193562		392 153 24 64 64 392 1896 212 203 86 88 1050 123 620 666 216 247 375 1793 383 2033 172 310 954 910 145 1202 187 385 53 281 521 74 418 1509 108 105 945 390 1074 360 97 132 2468 314 1506 2039 527 1212 197 	# 237.879087 -0.783238 -8.782974 -1.591418 2.142803 -16.342317 -0.996126 -1.626677 60.120867 57.800488 
180		494.920000	44	1793	430.238322		530 242 555 105 272 460 83 71 659 378 498 294 266 636 719 907 343 489 116 572 45 972 1224 825 1147 167 357 83 106 258 1793 1404 191 155 630 193 148 107 507 44 60 770 1079 76 944 127 612 241 612 1674 	# 235.938633 -0.787601 -8.844949 -1.602819 2.146482 -17.380482 -1.001941 -1.638123 69.788518 67.456525 
181		472.820000	10	2758	585.480814		1155 147 216 333 438 32 108 910 465 631 60 975 205 790 33 553 111 252 165 136 689 127 52 86 366 392 504 199 503 92 345 165 143 1249 106 16 10 307 53 385 2225 895 810 562 326 2225 182 21 2758 133 	# 222.425185 -0.791980 -8.907104 -1.614254 2.150183 -21.313537 -1.007776 -1.649602 108.402927 106.059274 
182		560.740000	13	1906	514.203518		111 288 104 448 332 169 13 169 19 253 1906 869 18 814 1478 959 1209 31 149 453 122 1725 128 1730 1328 31 73 1186 769 363 549 863 932 1316 218 48 346 536 126 989 934 713 109 716 15 411 705 334 766 164 	# 238.412707 -0.796374 -8.969441 -1.625722 2.153908 -17.872997 -1.013632 -1.661115 73.279236 70.923874 
183		462.520000	3	1630	408.860299		6 1311 287 270 1448 627 685 1200 676 98 978 368 355 76 415 109 57 830 423 3 183 624 147 228 411 127 152 413 416 861 96 560 192 322 44 183 85 954 1630 526 370 802 536 152 362 48 638 197 1417 228 	# 242.223329 -0.800785 -9.031960 -1.637223 2.157656 -17.478335 -1.019508 -1.672662 68.612178 66.245061 
184		540.420000	5	3583	630.355393		865 577 65 26 152 1800 1270 911 255 63 151 212 232 158 313 117 376 624 742 380 250 94 535 491 1169 3583 5 264 44 195 187 377 1275 46 228 134 569 36 202 1215 1295 809 145 973 79 976 433 149 1571 403 	# 258.990180 -0.805211 -9.094661 -1.648757 2.161425 -13.846275 -1.025404 -1.684243 31.568987 29.190068 
185		464.560000	4	1400	376.096447		110 1350 243 1147 4 234 323 19 667 9 789 577 1400 36 956 236 1042 45 191 148 491 147 767 770 740 590 336 163 603 182 294 407 61 801 210 1264 78 8 445 527 689 837 134 297 750 783 481 107 320 420 	# 274.205975 -0.813760 -9.153740 -1.659196 2.165326 -10.600558 -1.035020 -1.694855 -1.576955 -3.964119 
186		562.700000	48	1960	419.577448		1386 1129 519 145 898 463 469 181 533 719 631 635 933 973 546 384 477 48 377 558 203 119 139 651 680 343 311 1226 883 1052 1960 889 436 189 228 323 64 133 148 389 158 362 875 431 444 345 902 456 82 1710 	# 291.136649 -0.819016 -9.214566 -1.670500 2.167605 -6.929212 -1.041938 -1.706214 -39.001325 -41.399307 
187		464.020000	4	1491	392.780278		631 495 553 1011 256 565 270 489 267 296 185 175 1238 13 599 1325 255 243 156 77 187 626 154 532 452 262 769 342 4 25 989 576 1203 1491 125 1123 67 152 112 257 170 55 361 328 164 601 234 601 1378 762 	# 246.356888 -0.823599 -9.276220 -1.682052 2.169880 -18.687292 -1.048059 -1.717830 77.861714 75.453212 
188		485.560000	28	2340	488.365586		77 832 120 325 820 683 84 1067 242 67 30 170 979 188 47 402 802 125 1366 216 1460 2340 379 57 156 472 28 33 479 1046 287 451 1344 1620 87 342 201 160 155 411 37 293 513 791 399 614 476 444 404 157 	# 262.816041 -0.828134 -9.338503 -1.693707 2.172568 -15.137447 -1.054107 -1.729545 41.640456 39.221059 
189		434.240000	2	1456	382.332666		419 614 595 633 694 1308 250 73 1081 240 1380 2 46 140 505 99 173 534 284 126 206 31 523 333 207 31 1456 675 187 1246 266 517 723 68 11 287 471 206 238 131 398 815 220 49 570 390 806 73 295 1087 	# 272.511465 -0.832672 -9.401267 -1.705416 2.175569 -13.280251 -1.060154 -1.741309 22.341679 19.911086 
190		409.960000	9	1666	392.709061		453 1199 752 335 707 197 131 713 1591 384 1091 53 45 93 288 656 588 113 116 332 836 560 128 267 126 100 1666 317 209 55 918 181 779 159 32 635 88 288 218 50 347 141 201 55 844 9 125 672 423 232 	# 294.643691 -0.837214 -9.464419 -1.717163 2.178790 -8.315531 -1.066205 -1.753107 -28.035731 -30.477740 
191		465.160000	10	1392	380.059359		428 217 359 115 666 801 1021 212 419 167 1392 182 301 1365 33 591 56 92 161 214 169 688 577 148 147 1086 777 353 165 838 947 485 1392 316 24 67 487 603 1217 406 923 452 266 324 110 246 392 10 298 553 	# 268.430366 -0.841761 -9.527896 -1.728941 2.182168 -15.438865 -1.072261 -1.764935 42.464368 40.010778 
192		524.720000	7	2140	431.122552		323 368 540 623 23 269 505 411 557 1065 771 76 197 205 686 1410 299 147 256 224 1440 478 302 165 704 390 391 732 1244 220 182 845 363 188 615 331 626 144 1259 7 2140 221 713 861 1143 121 432 593 37 394 	# 288.073087 -0.846315 -9.591657 -1.740748 2.185662 -11.099855 -1.078326 -1.776790 -1.661762 -4.127064 
193		385.460000	22	1103	353.348715		188 280 51 160 299 45 1067 535 785 213 246 997 26 1030 56 231 148 1024 281 74 416 684 743 129 1063 1103 179 571 940 94 71 115 807 855 136 146 715 105 181 50 162 243 225 313 874 22 149 223 105 118 	# 261.400051 -0.850878 -9.655675 -1.752584 2.189247 -18.341458 -1.084403 -1.788674 70.015612 67.538491 
194		505.560000	14	1642	442.753037		19 1210 1348 348 418 318 433 300 20 565 735 212 403 507 391 122 1059 28 231 1223 1638 82 572 382 727 52 113 367 181 234 236 727 745 914 56 1086 708 126 780 14 652 72 1642 845 1332 39 442 479 105 40 	# 267.715361 -0.855451 -9.719929 -1.764450 2.192903 -17.337653 -1.090494 -1.800588 59.236418 56.747387 
195		540.360000	14	2521	493.304342		1518 393 372 745 864 449 111 14 34 107 57 127 190 517 652 148 576 188 1913 395 453 645 307 816 52 346 1448 550 916 528 425 973 431 662 493 351 98 258 2521 578 786 91 1117 376 89 388 315 552 976 107 	# 275.862925 -0.860036 -9.784407 -1.776347 2.196617 -15.877474 -1.096601 -1.812532 43.891046 41.390027 
196		523.660000	32	1972	547.114270		324 267 41 485 610 70 95 147 74 400 1563 75 1778 304 70 358 1111 520 32 1196 649 32 96 1080 1311 231 1972 422 187 49 1544 134 136 242 67 215 59 1372 81 592 400 67 512 1313 1473 672 1224 146 257 128 	# 280.949199 -0.864635 -9.849098 -1.788276 2.200380 -15.184315 -1.102725 -1.824509 36.213493 33.700413 
197		482.860000	2	1856	394.364227		280 144 591 248 126 632 190 288 966 539 48 725 1664 592 595 2 175 646 631 475 288 296 738 58 1856 994 159 435 494 648 374 235 493 366 618 382 525 707 1478 48 30 899 390 200 156 735 371 109 291 213 	# 272.227711 -0.869248 -9.913996 -1.800238 2.204185 -17.944800 -1.108868 -1.836519 63.070049 60.544844 
198		501.420000	6	1891	418.272301		1026 545 1849 193 1003 349 601 107 546 41 1252 480 1041 351 196 6 470 38 15 882 1123 287 371 1891 82 316 311 161 661 133 422 465 574 733 207 643 142 454 129 475 755 303 497 599 235 530 757 152 602 70 	# 282.542642 -0.873877 -9.979096 -1.812232 2.208028 -15.947893 -1.115030 -1.848562 42.350362 39.812970 
199		425.480000	15	1607	356.070977		468 74 673 407 665 831 141 237 499 62 185 1092 1161 92 52 625 171 363 32 525 280 211 369 449 107 1300 211 592 682 354 432 84 723 104 419 196 778 883 786 567 205 142 365 155 15 1607 68 45 319 471 	# 283.820287 -0.878520 -10.044396 -1.824261 2.211904 -16.212027 -1.121212 -1.860640 44.238785 41.689150 
200		529.540000	3	3043	620.927490		451 1185 335 476 370 485 430 205 1486 138 723 180 19 60 148 3043 178 1461 98 97 2541 250 897 1204 411 277 124 1388 723 95 108 453 435 12 178 582 798 1215 288 306 3 206 284 18 1043 218 74 43 464 271 	# 301.429439 -0.883180 -10.109893 -1.836323 2.215810 -12.395010 -1.127414 -1.872752 5.313416 2.751482 
201		559.500000	14	2805	570.359795		14 63 192 146 378 372 907 1172 732 140 139 718 113 385 488 422 1013 725 2028 1444 40 222 67 535 259 641 136 2805 171 285 255 45 611 940 1026 654 76 337 1032 713 465 85 983 18 136 1422 80 15 1595 735 	# 268.900751 -0.887855 -10.175587 -1.848420 2.219744 -21.114188 -1.133637 -1.884899 91.747695 89.173410 
202		524.140000	6	1614	452.235716		6 252 558 477 18 675 1046 1036 384 1139 99 155 678 90 137 645 15 102 123 1393 231 760 173 583 374 1390 626 813 74 240 256 301 1614 1592 228 432 79 1543 906 307 1138 666 211 220 28 655 572 640 158 369 	# 285.511071 -0.892546 -10.241476 -1.860551 2.223705 -17.550354 -1.139880 -1.897081 55.349571 52.762882 
203		560.820000	24	2411	514.127225		293 2411 172 706 544 392 277 542 151 258 677 164 305 319 297 206 224 349 493 324 263 944 676 790 239 914 313 597 163 1286 134 702 455 1604 424 391 186 1927 1946 689 338 206 1087 451 24 93 714 101 1098 182 	# 298.216329 -0.897254 -10.307561 -1.872718 2.227692 -14.964533 -1.146144 -1.909299 28.729287 26.130144 
204		479.880000	12	1786	383.142146		416 567 33 474 431 513 581 196 389 160 713 339 155 353 1074 533 648 52 63 84 1786 1041 184 229 404 438 1007 602 728 815 477 646 695 37 452 40 47 217 1139 467 1426 850 319 67 643 152 872 268 12 160 	# 291.493515 -0.901978 -10.373841 -1.884920 2.231703 -17.237484 -1.152429 -1.921553 50.694431 48.082784 
205		600.220000	7	2534	572.218143		129 249 1766 276 247 234 694 435 948 147 116 431 171 186 221 2108 302 994 636 1262 154 927 7 188 319 477 501 322 161 570 827 517 213 1702 322 322 1164 867 647 1509 36 1161 1369 476 182 2534 117 31 174 663 	# 297.250189 -0.906718 -10.440316 -1.897157 2.235737 -16.392323 -1.158735 -1.933843 41.476166 38.851966 
206		470.260000	14	1779	438.680108		1779 60 683 1293 41 171 73 439 113 1147 619 1624 222 225 64 15 970 553 14 137 33 472 103 770 230 698 375 182 333 277 478 123 931 547 1180 218 327 514 302 62 500 384 1453 532 308 967 385 123 450 14 	# 294.258075 -0.911475 -10.506988 -1.909430 2.239794 -17.736127 -1.165062 -1.946169 54.145240 51.508438 
207		663.420000	18	2272	582.503152		49 562 722 227 1992 99 885 275 275 538 1221 2272 397 490 984 1439 33 133 27 243 757 363 1296 647 178 647 809 175 1449 1148 1223 105 18 72 168 1088 151 789 447 1927 287 1664 740 269 308 533 307 22 1153 1568 	# 303.698313 -0.916248 -10.573857 -1.921738 2.243873 -15.973617 -1.171410 -1.958531 35.748863 33.099412 
208		472.900000	26	1417	370.799756		139 74 537 178 844 582 1142 345 136 338 26 1051 1199 720 905 98 188 65 105 1309 487 1106 1417 238 497 66 840 221 393 302 459 103 45 830 34 749 233 831 229 427 727 276 429 303 330 566 170 565 632 159 	# 294.530099 -0.921037 -10.640923 -1.934083 2.247974 -18.865000 -1.177779 -1.970930 63.889104 61.226955 
209		492.800000	12	2165	477.261576		661 225 115 1103 168 628 602 101 925 185 133 151 723 351 1636 1006 449 1717 84 844 324 1122 29 73 69 379 64 724 119 566 424 1161 357 215 425 12 96 21 533 2165 727 201 767 33 237 577 872 162 249 130 	# 309.804165 -0.925843 -10.708187 -1.946464 2.252096 -15.647599 -1.184169 -1.983365 30.939190 28.264296 
210		523.940000	8	2426	517.149424		406 8 218 59 222 388 186 232 136 1007 123 309 1014 1147 160 309 157 1768 413 2426 338 754 47 26 377 9 1453 924 122 549 156 1382 160 389 623 433 1484 138 1224 201 270 32 1031 845 403 538 496 364 365 376 	# 310.752700 -0.930664 -10.775649 -1.958881 2.256239 -16.013375 -1.190580 -1.995838 33.818704 31.131019 
211		534.160000	8	1657	461.568991		119 405 1657 20 498 515 1057 1228 1499 1034 152 237 1578 391 453 1317 700 481 180 69 736 664 889 8 91 151 102 1409 252 806 164 450 692 1314 107 651 346 470 244 285 15 307 354 49 312 299 1180 394 104 273 	# 311.203781 -0.935503 -10.843311 -1.971335 2.260403 -16.505313 -1.197012 -2.008347 37.957512 35.256988 
212		370.800000	12	1802	385.169351		431 130 303 178 1742 154 572 396 585 187 410 24 168 1802 49 639 460 467 45 12 54 313 186 1210 168 96 45 352 452 690 48 203 480 287 472 298 138 52 108 130 474 163 365 519 820 974 306 275 64 44 	# 324.297881 -0.940357 -10.911172 -1.983825 2.264586 -13.838302 -1.203465 -2.020894 10.504485 7.791076 
213		483.860000	5	1456	407.489527		841 47 803 542 255 1180 172 295 535 1074 573 655 248 557 75 10 30 77 345 34 712 102 780 478 1456 1098 170 1162 1334 331 12 389 431 5 1392 249 410 194 697 245 341 971 417 1067 140 603 95 98 221 245 	# 324.564036 -0.945228 -10.979235 -1.996352 2.268790 -14.380089 -1.209939 -2.033477 15.137091 12.410752 
214		537.260000	22	3108	621.497363		99 168 250 244 133 261 1340 36 684 1588 2386 574 66 148 561 998 76 33 3108 556 1179 277 227 841 321 125 929 165 210 494 990 66 1431 431 136 493 423 139 312 122 577 81 22 1562 258 476 23 480 586 178 	# 338.671969 -0.950115 -11.047499 -2.008916 2.273013 -11.463250 -1.216435 -2.046099 -14.818921 -17.558238 
215		549.080000	7	1967	474.763135		546 678 591 274 487 158 1480 395 1377 238 1071 1413 344 285 29 155 495 207 614 153 1525 480 787 230 87 411 488 191 880 315 1056 145 9 847 1433 1187 242 665 7 1967 692 216 109 175 111 777 423 136 38 835 	# 319.059201 -0.955018 -11.115965 -2.021517 2.277256 -16.978412 -1.222951 -2.058757 39.542698 36.790359 
216		434.040000	3	2601	433.525555		116 127 887 803 189 355 871 38 170 351 796 1188 474 269 700 421 97 301 424 183 280 84 2601 582 37 79 558 606 60 223 148 748 6 445 80 271 302 791 189 1087 3 523 256 197 683 745 521 176 77 584 	# 303.341174 -0.959937 -11.184635 -2.034155 2.281518 -21.521719 -1.229489 -2.071454 84.183403 81.417995 
217		531.200000	3	2219	483.215590		332 374 31 212 684 265 70 1194 699 531 259 124 348 656 250 707 922 528 1534 1274 406 518 1349 181 82 1045 1701 231 682 161 778 274 189 1050 518 3 323 1067 83 2219 232 525 273 309 317 5 26 671 76 272 	# 340.473959 -0.964873 -11.253508 -2.046831 2.285798 -12.854160 -1.236047 -2.084188 -3.286932 -6.065454 
218		604.380000	33	1988	521.383829		734 70 507 168 906 151 684 1541 128 398 930 333 116 278 421 290 183 1278 402 1844 805 157 87 1775 812 1988 355 156 770 163 1636 769 805 1581 332 78 350 461 584 174 300 1328 624 577 85 882 480 501 33 209 	# 313.932162 -0.969825 -11.322586 -2.059544 2.290098 -20.107090 -1.242627 -2.096960 68.445234 65.653551 
219		446.840000	13	2031	444.022814		242 140 2031 1364 389 535 361 13 85 1221 410 32 266 610 777 128 1354 543 227 341 109 44 187 159 216 87 1713 658 193 812 500 101 101 250 153 139 299 219 289 103 970 223 171 749 247 167 660 574 757 423 	# 328.677794 -0.974793 -11.391869 -2.072295 2.294416 -17.040013 -1.249228 -2.109771 36.974929 34.170040 
220		538.020000	16	1852	525.478926		1651 58 1301 393 119 103 846 1262 970 50 170 469 212 53 786 302 282 174 1254 80 86 208 16 84 19 995 131 76 138 1603 1712 1169 86 469 1463 353 529 409 379 352 315 549 1852 193 497 943 934 135 629 42 	# 342.243796 -0.979777 -11.461359 -2.085084 2.298753 -14.269699 -1.255850 -2.122619 8.469852 5.651714 
221		649.500000	17	1794	447.600781		267 564 598 377 789 247 1208 212 1111 779 467 791 1139 322 566 27 1323 1582 525 1428 223 113 1344 586 1794 491 97 80 186 498 985 159 17 439 1103 838 926 459 750 1034 880 1510 489 552 655 683 689 199 221 153 	# 335.572163 -0.984778 -11.531055 -2.097910 2.303107 -16.560655 -1.262493 -2.135506 30.575073 27.743638 
222		541.020000	18	3025	546.980636		406 44 1413 612 18 44 86 223 676 102 329 558 195 1076 99 937 272 124 521 178 585 1020 707 446 187 1278 619 1029 57 45 355 191 79 126 3025 109 383 816 413 422 428 1340 306 1296 223 183 1516 326 634 994 	# 339.769269 -0.989794 -11.600959 -2.110775 2.307480 -16.136296 -1.269157 -2.148432 25.524712 22.679936 
223		446.720000	16	2091	478.481827		184 89 670 334 448 381 89 223 43 366 298 493 235 484 1351 1049 2091 790 251 131 526 38 159 452 74 212 1400 41 33 1070 413 343 277 1819 185 1356 246 114 148 1042 210 373 96 29 348 707 61 88 16 460 	# 335.859236 -0.994827 -11.671071 -2.123678 2.311871 -17.740596 -1.275843 -2.161396 40.758517 37.900355 
224		485.700000	2	2326	461.510486		492 705 2 71 350 195 359 665 90 183 1061 195 610 189 921 432 1050 105 1100 108 1607 323 196 2326 374 6 838 126 592 340 464 555 132 150 264 300 382 474 588 165 28 1446 739 1200 552 579 179 89 111 277 	# 341.606159 -0.999877 -11.741392 -2.136620 2.316280 -16.932538 -1.282550 -2.174399 31.866304 28.994711 
225		488.860000	19	1957	366.416514		1182 853 312 627 220 181 495 244 182 624 19 254 1049 377 702 971 751 829 241 530 368 295 876 550 945 1957 714 653 62 148 277 149 300 849 24 407 43 325 241 202 184 645 301 332 768 117 672 338 786 272 	# 365.167647 -1.004951 -11.811942 -2.149613 2.320735 -11.672755 -1.289291 -2.187453 -21.545673 -24.430788 
226		561.840000	21	2432	558.995103		826 88 477 107 226 98 511 366 1085 841 76 652 172 21 242 209 64 1397 202 114 651 106 461 662 1061 1480 1467 549 565 153 46 1357 21 164 415 117 501 552 989 73 193 2432 2114 272 1378 1238 609 261 228 203 	# 347.492665 -1.010034 -11.882693 -2.162639 2.325191 -16.723970 -1.296041 -2.200541 28.149882 25.251236 
227		375.880000	2	3070	506.829547		368 302 151 850 215 51 318 395 116 271 105 76 439 25 827 257 934 31 26 788 32 138 55 248 1190 977 85 472 380 1378 60 169 106 3070 168 201 525 121 87 253 198 196 264 177 116 57 2 380 896 248 	# 352.910477 -1.015135 -11.953652 -2.175701 2.329661 -16.003881 -1.302813 -2.213665 20.129958 17.217739 
228		534.020000	16	1945	523.646301		1232 985 16 28 724 436 181 1788 106 658 401 678 767 413 1059 100 762 1446 1626 332 985 245 22 564 142 42 176 150 316 980 1945 164 208 64 1003 81 41 86 540 874 103 194 180 80 1834 654 189 674 176 251 	# 369.343456 -1.020251 -12.024821 -2.188800 2.334146 -12.531903 -1.309606 -2.226827 -15.411305 -18.337141 
229		514.700000	16	1786	420.700060		178 310 729 615 1514 1051 31 322 1049 353 561 232 253 170 291 476 16 88 718 101 281 720 449 1664 515 665 281 1044 22 937 248 162 158 50 124 738 145 392 379 682 263 955 759 524 54 940 390 893 457 1786 	# 353.218190 -1.025383 -12.096201 -2.201938 2.338647 -17.201397 -1.316420 -2.240028 30.459686 27.520189 
230		467.580000	10	2742	482.120109		341 216 150 37 277 269 81 287 679 759 302 312 758 18 178 275 135 505 35 974 156 225 432 1034 781 10 291 501 79 965 422 261 847 801 437 508 25 1377 129 1259 405 150 798 186 47 493 2742 1150 227 53 	# 366.944758 -1.030531 -12.167795 -2.215115 2.343164 -14.409851 -1.323255 -2.253268 1.717792 -1.235410 
231		570.560000	10	2598	539.494743		209 664 24 470 1472 746 584 142 147 410 377 628 969 1213 301 476 326 37 1045 1240 10 1926 156 423 204 1351 340 654 473 1139 1323 190 231 103 196 806 217 325 610 25 920 288 69 984 151 87 2598 239 952 58 	# 368.398456 -1.035696 -12.239603 -2.228331 2.347698 -14.688446 -1.330111 -2.266548 3.674827 0.707875 
232		468.920000	3	3057	491.213318		398 3 303 58 335 59 313 677 267 334 309 278 362 237 180 281 587 543 310 427 818 42 965 198 894 543 81 476 924 1076 995 3057 237 490 68 29 147 997 519 61 297 76 44 1135 915 210 903 364 367 257 	# 362.360308 -1.040877 -12.311626 -2.241587 2.352249 -16.841934 -1.336989 -2.279868 24.378293 21.397547 
233		519.500000	32	1517	439.782472		452 58 32 1320 636 1515 353 125 284 40 1274 566 155 1131 930 851 171 293 1517 894 235 93 176 48 1083 83 1259 132 800 583 234 76 329 341 882 387 645 507 392 663 352 829 164 1504 342 618 225 196 104 96 	# 368.676585 -1.046074 -12.383864 -2.254882 2.356817 -15.908752 -1.343889 -2.293228 14.212560 11.217975 
234		622.280000	15	2774	696.507879		15 321 215 665 42 674 338 348 225 60 354 1405 2774 680 1679 388 370 275 130 687 51 83 686 2242 25 463 116 130 740 2410 2388 462 482 207 64 830 246 37 1243 1859 289 122 763 610 1400 257 324 99 785 56 	# 371.810108 -1.051287 -12.456318 -2.268217 2.361401 -15.773203 -1.350810 -2.306628 12.020632 9.012164 
235		626.800000	6	2550	609.993710		323 706 18 196 6 16 948 1633 442 1556 358 8 53 1116 119 1206 885 13 39 82 190 777 658 535 714 497 2550 1800 310 119 183 568 783 2319 184 698 597 176 1772 677 651 387 722 938 280 166 1501 345 206 314 	# 393.982902 -1.056517 -12.528990 -2.281592 2.366002 -10.879785 -1.357753 -2.320068 -37.752499 -40.774896 
236		425.260000	8	1425	345.935455		653 741 257 228 296 109 249 49 141 714 318 320 702 8 142 247 1054 542 821 441 129 536 799 153 814 151 488 172 281 585 240 156 1425 751 1071 117 38 428 332 83 596 591 334 40 1424 624 58 62 198 555 	# 362.539447 -1.061764 -12.601880 -2.295008 2.370620 -19.392386 -1.364717 -2.333549 46.532023 43.495652 
237		403.600000	10	1253	322.964647		233 295 475 1253 18 327 183 10 611 346 582 779 1032 110 233 272 720 317 553 784 582 141 544 628 325 120 368 1027 1092 345 567 99 484 70 165 1245 13 101 295 560 69 336 214 18 277 206 233 231 606 86 	# 356.908599 -1.067027 -12.674988 -2.308463 2.375255 -21.453796 -1.371703 -2.347070 66.302110 63.251721 
238		489.280000	41	2609	574.770763		311 567 489 159 2355 1335 278 95 212 376 659 209 216 1331 563 367 177 42 1002 251 589 304 200 324 652 1265 75 334 41 598 42 1063 108 223 137 2609 43 1986 153 212 262 184 195 104 244 496 366 557 41 63 	# 397.721245 -1.072306 -12.748315 -2.321958 2.379905 -11.906302 -1.378710 -2.360631 -30.019402 -33.083854 
239		503.520000	34	2419	476.962038		67 341 479 243 625 258 358 454 499 847 1054 431 335 261 1495 426 461 262 225 330 514 211 166 1080 357 125 1205 93 34 89 50 486 897 705 119 780 274 626 407 136 164 2419 858 124 511 778 1934 334 207 42 	# 395.667159 -1.077602 -12.821863 -2.335495 2.384573 -13.077465 -1.385740 -2.374234 -19.156890 -22.235450 
240		600.400000	41	2224	495.408592		449 771 1141 176 2224 52 505 812 199 740 508 168 41 92 63 422 299 430 1390 649 971 720 245 989 194 327 319 1913 529 1074 1427 974 481 226 193 498 512 417 219 185 1054 1062 85 801 264 362 1614 205 206 823 	# 377.971015 -1.082915 -12.895632 -2.349071 2.389257 -18.161123 -1.392791 -2.387877 30.828015 27.735302 
241		538.440000	13	3646	619.555013		195 682 142 180 399 592 509 1003 406 542 300 170 387 493 478 587 625 1421 701 138 378 342 122 41 149 991 174 201 267 143 955 626 130 505 290 853 334 149 1375 82 26 215 358 489 13 2260 125 3646 469 1264 	# 393.745757 -1.088244 -12.969622 -2.362689 2.393957 -14.879047 -1.399864 -2.401562 -2.846994 -5.953906 
242		413.960000	1	2083	445.321345		936 310 891 112 48 1174 93 473 12 115 292 157 446 270 39 190 752 12 710 8 121 7 150 189 159 800 12 132 679 373 75 1072 2083 216 97 1051 173 429 257 200 278 681 372 379 350 1281 1516 1 124 401 	# 416.209203 -1.093590 -13.043834 -2.376347 2.398674 -9.926788 -1.406958 -2.415287 -53.226407 -56.347562 
243		477.480000	11	2605	565.240828		208 89 1468 460 560 246 546 1588 220 228 261 750 1017 1136 240 387 529 239 242 464 104 87 168 2300 122 154 89 64 178 194 179 115 1092 270 880 1307 497 225 46 69 94 187 11 52 274 2605 87 603 853 90 	# 384.373902 -1.098952 -13.118269 -2.390046 2.403407 -18.551216 -1.414075 -2.429054 32.158459 29.023015 
244		389.200000	19	2282	407.626830		1031 539 133 112 108 32 118 243 407 165 39 19 676 107 205 703 927 299 2282 648 1280 294 234 510 125 31 430 100 679 388 87 290 518 548 396 90 41 297 227 870 364 203 23 231 451 35 320 1011 22 572 	# 358.091019 -1.101616 -13.191513 -2.403980 2.403922 -25.788403 -1.418466 -2.443275 103.673727 100.529788 
245		487.920000	26	1646	398.286167		179 847 1352 153 297 214 411 231 484 535 78 607 826 567 702 1020 136 1504 147 418 351 56 450 78 450 1255 206 395 281 438 854 140 26 665 448 318 247 1289 220 322 532 658 360 44 1646 1016 231 60 356 296 	# 311.768512 -1.106614 -13.265650 -2.417835 2.407453 -38.038364 -1.425214 -2.457211 225.312885 222.155687 
246		654.680000	10	3249	747.911853		829 888 27 145 933 1073 149 213 1995 167 43 332 1988 716 19 1662 203 3249 188 231 1177 770 1478 94 181 440 306 11 87 487 193 2745 10 687 598 1047 140 229 31 56 664 333 195 280 228 956 2260 1317 27 657 	# 345.380875 -1.111987 -13.340220 -2.431700 2.411568 -30.306667 -1.432359 -2.471152 147.132336 143.961351 
247		708.800000	13	2454	635.765006		536 1246 76 673 93 13 983 222 1491 2454 728 145 913 515 705 1118 679 2055 386 1949 51 106 337 267 735 670 307 208 510 1140 436 356 373 292 334 124 2132 497 179 664 182 268 307 1220 411 2028 2056 938 1189 143 	# 333.784436 -1.117414 -13.415161 -2.445596 2.415884 -33.879185 -1.439568 -2.485120 181.990505 178.805508 
248		447.380000	5	1476	366.132511		816 118 1072 570 118 294 65 362 692 303 303 257 315 487 520 101 1042 102 161 242 345 490 5 72 730 15 129 609 67 1168 378 645 54 447 335 480 720 614 118 443 58 1007 473 262 238 595 970 1476 1396 90 	# 353.430860 -1.122851 -13.490429 -2.459527 2.420315 -29.642992 -1.446791 -2.499122 138.758348 135.559205 
249		636.080000	15	3361	697.197388		803 48 66 1558 540 729 288 632 345 235 255 470 28 77 3361 1127 783 156 2007 143 848 220 414 659 759 516 187 130 123 270 1841 421 71 108 127 1458 333 829 116 2459 720 994 169 964 15 1314 27 1640 344 77 	# 373.755537 -1.128296 -13.565994 -2.473495 2.424831 -25.239246 -1.454026 -2.513159 93.847612 90.634218 
250		349.400000	9	1921	384.365632		240 91 90 1018 78 609 9 57 142 777 365 187 114 387 249 1275 37 56 1921 843 48 184 116 796 349 197 570 24 39 42 484 107 494 828 683 80 318 293 166 249 62 400 461 1081 24 175 214 264 85 92 	# 361.397857 -1.133753 -13.641839 -2.487499 2.429412 -29.008107 -1.461277 -2.527233 130.660018 127.432284 
251		477.860000	7	3096	662.704724		595 3096 47 97 65 176 495 391 96 541 7 270 752 142 2326 180 289 114 232 177 101 133 72 220 1183 277 377 201 187 313 362 437 19 1451 240 17 812 60 2504 1811 232 881 442 343 21 277 236 238 167 191 	# 367.159123 -1.139223 -13.717947 -2.501543 2.434047 -28.249260 -1.468545 -2.541345 122.192472 118.950320 
252		532.040000	25	2756	554.801636		38 176 32 246 409 173 862 477 502 103 495 1193 158 164 108 398 53 1764 1521 820 1387 1455 50 125 784 1080 120 576 219 270 46 480 78 396 1081 206 341 25 294 902 889 104 174 342 2756 1316 283 316 371 444 	# 354.127789 -1.144706 -13.794310 -2.515625 2.438725 -32.190598 -1.475832 -2.555496 160.723977 157.467335 
253		527.880000	24	2084	515.196243		179 127 519 1644 103 615 299 44 837 172 596 78 766 24 178 1420 136 350 140 267 1005 237 1015 627 229 56 571 765 25 421 29 1708 1532 129 619 198 1181 75 969 2084 344 208 1070 68 320 401 100 214 412 1288 	# 362.414979 -1.150204 -13.870921 -2.529748 2.443441 -30.804348 -1.483139 -2.569687 145.976836 142.705641 
254		441.440000	6	1555	425.698377		62 825 171 549 65 1094 1483 242 143 456 800 159 191 89 212 289 67 217 863 746 349 22 1308 195 541 253 786 322 330 478 400 254 139 6 193 151 1228 70 49 1555 74 162 1237 139 33 207 1232 235 815 586 	# 383.383026 -1.155719 -13.947774 -2.543911 2.448189 -26.249936 -1.490467 -2.583918 99.545325 96.259516 
255		496.780000	0	2058	465.409466		321 493 219 2058 44 268 246 426 852 547 782 98 284 185 332 882 459 1743 292 325 469 187 1495 1298 56 0 946 416 96 461 57 192 3 1158 597 186 182 123 303 338 139 633 221 860 96 1225 883 146 321 896 	# 382.376189 -1.161249 -14.024868 -2.558115 2.452965 -27.191304 -1.497817 -2.598191 108.068879 104.768398 
256		412.580000	32	2493	432.831640		215 848 32 284 561 173 106 716 63 321 318 320 462 110 50 475 439 143 240 329 270 605 342 78 884 676 45 78 266 1133 61 132 95 359 385 574 187 403 699 604 416 1526 113 592 144 2493 138 140 915 71 	# 387.878479 -1.165310 -14.101964 -2.573310 2.456022 -26.508034 -1.504053 -2.613601 100.346462 97.033513 
257		400.340000	35	1759	342.050934		200 362 322 430 294 1759 592 283 409 105 108 274 148 457 72 35 132 319 106 131 108 142 119 572 794 600 642 530 275 587 751 43 458 261 1020 157 414 284 103 403 1006 394 126 41 997 371 614 408 99 1160 	# 364.056563 -1.170662 -14.179294 -2.588006 2.460341 -33.157772 -1.511190 -2.628374 165.948720 162.621518 
258		519.840000	5	2136	452.268132		433 78 55 536 35 798 585 5 2136 1446 1834 123 38 498 337 62 292 637 275 919 455 1272 426 388 404 197 911 315 146 575 721 357 600 497 90 864 945 805 519 194 242 185 663 645 48 689 97 988 592 40 	# 392.187677 -1.176293 -14.256840 -2.602533 2.464913 -26.820913 -1.518642 -2.642973 101.683664 98.341919 
259		526.380000	12	2707	487.499446		118 320 487 242 1284 472 63 322 250 531 384 1213 557 387 12 1233 517 338 918 458 618 214 421 581 318 612 1450 306 40 1051 25 1299 35 211 431 323 83 299 2707 840 31 347 805 262 232 432 1135 460 509 136 	# 425.604062 -1.181931 -14.334646 -2.617009 2.469518 -19.164603 -1.526117 -2.657520 24.221427 20.865066 
260		413.880000	13	2121	453.773954		167 448 470 36 95 237 331 108 1659 731 474 89 947 328 15 347 1071 437 1955 754 91 367 108 565 84 171 483 2121 179 114 291 13 103 294 78 362 259 74 387 341 239 532 96 278 316 492 306 329 71 851 	# 412.750573 -1.187558 -14.412726 -2.631483 2.474156 -23.077732 -1.533588 -2.672063 62.450720 59.079682 
261		510.400000	12	1891	485.303482		365 659 332 19 137 1316 88 1891 828 145 268 566 54 1351 96 340 430 364 1407 358 344 57 450 168 684 346 59 287 619 1446 800 146 279 12 1461 33 72 162 304 577 823 319 64 412 359 1836 549 930 127 781 	# 384.313256 -1.193184 -14.491078 -2.645978 2.478838 -30.888850 -1.541064 -2.686627 139.656978 136.271192 
262		506.360000	21	1887	438.948082		1887 21 95 591 76 760 203 723 542 644 362 575 204 1325 667 258 79 698 198 129 504 178 816 244 344 39 137 1525 913 580 848 163 1235 1110 303 1065 1482 22 195 185 365 602 178 89 120 573 557 261 156 492 	# 420.051105 -1.198818 -14.569698 -2.660503 2.483565 -22.658241 -1.548554 -2.701220 56.443062 53.042454 
263		410.660000	16	1802	388.739806		271 1424 114 460 254 881 235 375 775 1242 63 81 108 297 232 214 220 715 191 399 129 158 675 98 494 477 689 67 179 16 829 885 469 111 324 23 76 452 241 42 23 796 1058 1802 242 175 157 144 587 564 	# 381.921607 -1.204464 -14.648578 -2.675064 2.488336 -32.896553 -1.556060 -2.715850 157.915480 154.499979 
264		818.400000	21	3180	693.749381		579 296 774 1934 482 137 355 956 111 1221 1494 374 727 551 1724 824 677 108 1206 149 134 32 419 1275 838 971 740 498 3180 860 525 380 609 498 2218 680 485 2478 685 303 214 718 543 2470 1263 1610 21 151 853 590 	# 406.956424 -1.210124 -14.727712 -2.689665 2.493146 -27.345885 -1.563587 -2.730520 101.495244 98.064783 
265		578.260000	7	3453	594.297006		253 173 810 898 52 135 364 1938 257 315 282 764 494 585 98 558 838 573 302 1339 348 1556 214 358 297 252 628 1241 598 143 3453 292 207 545 504 705 484 429 139 1732 144 453 313 585 7 171 987 620 347 133 	# 402.790807 -1.215800 -14.807097 -2.704306 2.497992 -29.097434 -1.571134 -2.745230 118.094353 114.648867 
266		439.040000	22	1665	371.926697		356 775 1341 240 47 896 109 96 572 682 240 635 268 476 986 266 22 442 108 285 159 490 755 1104 418 387 607 553 140 52 87 150 381 280 122 124 122 548 260 662 562 868 1341 1665 295 204 275 270 116 113 	# 434.133136 -1.221493 -14.886729 -2.718989 2.502870 -21.974116 -1.578704 -2.759982 45.941963 42.481391 
267		530.780000	8	1828	448.686168		349 1071 8 112 531 771 1093 1730 367 324 1119 29 41 424 131 1398 444 101 320 628 827 446 1474 1062 420 243 317 190 344 355 81 598 254 154 642 184 353 1090 304 191 202 1233 243 634 537 419 1828 280 362 281 	# 439.309000 -1.227203 -14.966605 -2.733714 2.507777 -21.394541 -1.586297 -2.774777 39.224198 35.748480 
268		546.540000	13	2600	495.697868		355 188 709 312 762 152 135 663 110 1117 436 168 533 761 359 253 383 800 434 133 810 223 557 392 394 13 1162 395 763 245 778 405 822 892 321 1017 335 580 2209 1370 136 239 536 161 64 532 211 2600 140 262 	# 401.380168 -1.232931 -15.046725 -2.748482 2.512711 -31.593275 -1.593913 -2.789616 140.286717 136.795796 
269		542.740000	5	2432	538.676527		594 385 410 288 5 630 117 293 610 2048 1394 75 1332 377 150 468 309 1258 321 26 318 780 1094 637 269 254 779 197 148 133 121 778 1626 2432 60 136 689 378 148 385 250 660 111 27 409 472 136 566 406 1648 	# 396.858089 -1.238678 -15.127087 -2.763293 2.517671 -33.442463 -1.601553 -2.804498 157.850975 154.344794 
270		558.260000	1	2200	577.122977		1569 363 12 240 1354 326 82 284 514 642 1351 234 691 247 230 985 234 242 90 1002 1471 1 328 241 62 895 318 82 225 566 2190 143 110 422 508 293 531 1415 12 192 35 47 330 281 1866 653 1268 216 320 2200 	# 415.947289 -1.244442 -15.207691 -2.778148 2.522655 -29.390982 -1.609217 -2.819424 116.405731 112.884236 
271		440.400000	18	1918	440.502635		529 1918 226 265 732 188 378 340 59 25 80 909 50 743 87 834 245 573 1369 534 297 480 1246 170 238 192 36 71 280 505 473 733 163 18 357 342 74 376 424 146 77 18 503 1724 81 114 665 394 1408 331 	# 450.918440 -1.250225 -15.288537 -2.793047 2.527662 -21.371170 -1.616904 -2.834394 35.274378 31.737514 
272		484.400000	8	2044	527.282753		315 1379 85 8 150 752 20 88 780 181 496 16 126 550 1009 842 628 596 155 170 1043 690 170 141 234 259 328 114 2044 1644 562 144 487 348 162 358 1815 84 1531 79 25 1252 349 183 108 1418 116 36 136 14 	# 428.923887 -1.256027 -15.369625 -2.807990 2.532693 -27.594950 -1.624617 -2.849409 96.576121 93.023834 
273		586.780000	12	2876	588.135147		924 2094 46 138 143 222 753 178 1185 911 248 349 989 866 1862 444 111 174 412 49 447 12 195 1437 599 257 579 205 550 336 1584 251 2876 181 13 127 493 324 20 566 547 374 374 53 1348 576 1052 408 909 548 	# 444.662214 -1.261847 -15.450956 -2.822977 2.537745 -24.387682 -1.632353 -2.864468 63.564564 59.996800 
274		538.700000	2	2266	513.682672		317 274 39 122 353 654 1508 333 646 235 571 416 342 469 205 276 17 995 202 514 606 69 98 799 1301 981 1619 264 202 871 161 660 881 2266 2 109 444 1358 455 241 7 97 142 58 116 192 1584 552 1441 871 	# 421.402168 -1.267686 -15.532529 -2.838008 2.542819 -30.932187 -1.640114 -2.879572 128.067911 124.484618 
275		454.540000	7	4072	622.096069		829 246 62 215 438 959 110 28 406 7 1356 27 497 827 94 290 152 1201 114 7 192 246 326 125 478 248 477 160 304 135 52 139 65 110 831 762 4072 291 302 230 288 1116 254 224 665 869 926 404 440 131 	# 434.422531 -1.273544 -15.614347 -2.853084 2.547914 -28.408776 -1.647900 -2.894721 101.889267 98.290393 
276		600.460000	9	2175	531.907319		47 9 328 1752 19 497 292 277 812 1671 272 100 163 324 272 327 562 1881 178 348 541 722 411 556 746 786 340 99 828 730 105 392 2175 280 1030 1643 194 932 1251 746 169 1582 535 57 653 517 953 29 278 612 	# 373.977845 -1.279420 -15.696409 -2.868205 2.553030 -44.253822 -1.655710 -2.909916 259.392344 255.777834 
277		588.540000	40	1860	436.098342		1195 1860 164 158 1120 212 522 367 1413 158 467 423 351 923 182 474 707 504 288 149 535 1655 924 920 153 468 422 289 400 347 998 414 115 85 834 380 732 251 1398 203 52 1030 946 758 969 40 858 962 299 353 	# 404.923790 -1.285316 -15.778716 -2.883371 2.558166 -37.253412 -1.663544 -2.925156 188.438008 184.807811 
278		551.220000	28	1890	477.972687		342 464 651 1289 210 615 1890 104 874 514 325 47 1810 28 326 496 1653 371 688 1758 290 270 240 322 84 939 1535 654 272 298 698 550 117 830 582 200 696 368 585 128 449 241 419 357 938 63 192 117 475 197 	# 431.377825 -1.291230 -15.861268 -2.898582 2.563323 -31.378187 -1.671404 -2.940441 128.732672 125.086736 
279		527.060000	20	1893	510.668046		157 47 790 276 834 506 273 1087 20 420 578 489 694 313 52 546 1713 870 71 91 71 153 1159 21 440 1776 55 207 53 841 1788 242 1893 211 1289 317 472 201 618 1520 272 538 119 430 81 605 354 383 325 92 	# 434.688783 -1.297162 -15.944068 -2.913838 2.568501 -31.290948 -1.679288 -2.955773 126.904318 123.242590 
280		388.800000	11	1948	416.526061		93 63 709 316 575 1680 301 11 1948 315 1004 42 409 39 224 423 84 95 139 11 520 86 402 337 87 303 398 47 330 40 1099 1099 285 146 183 122 393 704 453 178 348 166 106 31 923 235 519 1014 342 63 	# 441.675153 -1.303114 -16.027115 -2.929140 2.573698 -30.287079 -1.687196 -2.971150 115.906789 112.229218 
281		401.320000	7	2032	441.175306		79 69 1402 7 77 120 169 195 24 180 928 2032 275 288 607 36 431 185 245 992 435 25 22 547 139 78 881 1484 704 976 322 282 448 314 646 333 67 135 216 64 166 480 83 129 459 52 45 647 1309 237 	# 417.398976 -1.309085 -16.110410 -2.944487 2.578915 -37.101076 -1.695130 -2.986573 183.085042 179.391575 
282		434.020000	8	2685	493.068546		1400 455 1101 1243 206 472 204 736 257 257 120 28 965 353 88 457 230 478 771 811 23 209 401 2685 310 169 90 56 74 20 981 183 228 519 619 399 360 319 20 131 681 232 1476 65 130 180 434 49 18 8 	# 459.598138 -1.315074 -16.193954 -2.959880 2.584152 -27.298477 -1.703088 -3.002043 84.094430 80.385016 
283		616.300000	21	2926	633.786813		2926 79 435 56 49 1035 464 233 844 21 579 1285 1405 1388 245 44 830 627 2208 637 670 80 596 122 801 420 1478 1301 326 2189 268 124 43 95 554 812 356 440 571 537 1306 340 74 28 87 81 82 416 1034 194 	# 443.965031 -1.321082 -16.277748 -2.975319 2.589408 -31.956189 -1.711071 -3.017558 129.704033 125.978618 
284		518.580000	14	1812	482.667211		433 595 172 146 497 1199 23 42 20 133 214 44 32 1139 576 80 265 300 1032 789 285 127 1812 631 713 171 766 121 181 334 574 350 14 628 142 679 17 1384 1423 1470 760 199 1495 1144 80 577 1215 742 72 92 	# 454.913459 -1.327110 -16.361793 -2.990805 2.594684 -29.970770 -1.719079 -3.033121 108.879405 105.137939 
285		485.760000	20	2471	504.313822		128 148 635 997 156 2148 643 859 1130 563 671 315 218 114 343 210 20 772 89 24 58 530 675 1377 369 124 119 180 81 255 1079 726 84 179 220 717 751 298 1094 510 2471 25 317 239 385 103 215 288 285 351 	# 458.777771 -1.333156 -16.446090 -3.006336 2.599980 -29.758639 -1.727112 -3.048730 105.784735 102.027166 
286		517.420000	5	3318	531.658633		136 787 587 133 267 1041 740 490 195 665 171 680 141 528 972 862 136 19 200 917 3318 225 362 5 257 720 950 268 102 130 357 887 395 502 46 311 359 934 409 107 1476 295 202 128 107 710 1198 364 725 355 	# 586.684423 -1.339006 -16.529847 -3.021820 2.604239 1.462487 -1.734898 -3.064358 -207.397194 -211.169039 
287		544.920000	35	1683	441.782560		523 35 1683 1124 605 496 243 232 192 165 39 151 345 1146 911 517 1353 171 693 280 125 122 1610 792 450 392 323 898 492 672 40 419 174 957 786 231 39 413 1277 693 187 111 1186 333 206 505 990 1415 349 155 	# 613.198777 -1.345074 -16.614211 -3.037421 2.609085 7.332866 -1.742983 -3.080041 -267.077333 -270.864978 
288		679.440000	16	2123	533.612952		649 809 1111 138 238 878 306 342 480 206 254 892 493 769 919 1410 1209 344 227 763 128 512 177 554 546 938 689 633 2059 1839 41 53 931 236 1747 74 145 1217 285 601 923 676 2123 208 621 551 611 1761 640 16 	# 597.040100 -1.351171 -16.698958 -3.053088 2.614093 2.532672 -1.751093 -3.095791 -220.055388 -223.858971 
289		583.520000	14	1429	434.175655		1412 116 63 1273 1174 488 834 677 160 1293 543 382 823 936 1429 105 917 1208 392 1112 277 478 1147 37 189 35 388 1275 1379 605 166 976 854 70 362 14 640 525 334 486 519 718 274 320 246 190 823 106 122 284 	# 634.871654 -1.357289 -16.784049 -3.068808 2.619213 11.227731 -1.759228 -3.111592 -307.989482 -311.809138 
290		662.580000	3	2726	656.614946		1554 185 273 616 635 775 324 182 423 327 416 28 476 732 229 1389 190 40 1607 1876 1825 372 530 358 169 345 496 802 164 1667 534 624 871 1081 320 251 145 1533 2726 177 1652 849 3 231 245 100 2393 116 227 46 	# 592.966686 -1.363424 -16.869456 -3.084576 2.624411 -0.013636 -1.767384 -3.127440 -196.562641 -200.398475 
291		525.980000	5	1710	425.990107		1710 555 630 849 305 219 219 472 259 146 1211 600 60 139 173 57 118 961 199 298 450 596 472 423 1372 1185 1580 597 341 5 370 753 749 106 282 77 682 170 140 424 971 1182 420 1285 848 357 693 235 29 325 	# 632.780314 -1.369575 -16.955161 -3.100391 2.629668 9.172349 -1.775561 -3.143335 -289.412547 -293.264646 
292		517.520000	13	2288	469.431929		446 294 68 372 939 461 13 173 888 854 407 45 144 900 718 1350 962 179 142 133 302 42 1638 494 499 280 560 423 133 116 97 663 555 602 61 973 692 129 752 701 313 276 1493 38 322 153 1144 2288 263 386 	# 657.174802 -1.375742 -17.041151 -3.116252 2.634973 14.501247 -1.783760 -3.159276 -343.694736 -347.563176 
293		649.280000	13	3740	656.979049		890 509 42 398 120 1081 314 517 105 487 690 557 285 527 1612 243 2025 1557 26 1030 310 405 127 1315 802 1916 1227 267 544 450 548 979 365 297 158 57 514 410 613 700 129 95 1153 522 742 3740 13 276 180 595 	# 607.777057 -1.381926 -17.127420 -3.132158 2.640316 1.379776 -1.791982 -3.175263 -213.476361 -217.361214 
294		519.720000	5	2570	557.787175		2001 35 109 905 1716 724 1637 62 60 119 266 1266 159 739 152 43 191 5 184 923 255 487 300 1114 681 315 128 462 327 417 169 234 1174 265 994 86 259 606 31 61 334 250 510 1071 86 2570 490 182 234 598 	# 689.910149 -1.388128 -17.213963 -3.148112 2.645693 21.138699 -1.800228 -3.191296 -412.065001 -415.966331 
295		602.640000	11	1864	446.020214		447 835 563 1073 199 284 1864 933 90 328 187 1518 726 709 763 149 1410 386 116 517 11 1095 132 1242 150 671 222 404 81 71 422 577 798 488 677 152 962 908 761 1578 895 158 956 39 978 102 685 568 893 359 	# 664.242868 -1.394348 -17.300775 -3.164112 2.651099 13.945203 -1.808498 -3.207377 -341.132530 -345.050401 
296		405.580000	9	2036	423.754265		109 584 217 750 120 151 38 319 226 315 43 60 137 897 878 67 14 117 410 395 10 1134 9 176 174 150 266 695 208 478 358 253 434 425 503 216 1014 1729 328 543 687 101 794 431 45 191 929 58 2036 57 	# 617.062591 -1.400587 -17.387854 -3.180159 2.656533 1.371125 -1.816792 -3.223505 -216.397308 -220.331777 
297		600.880000	26	1948	495.146098		196 680 115 185 1341 404 251 1390 594 1576 1948 552 984 326 673 26 1351 1163 1272 81 73 537 1192 75 368 959 190 1172 97 1031 311 708 553 114 59 429 360 1359 967 27 704 715 50 249 338 780 99 164 1076 180 	# 644.319411 -1.406845 -17.475200 -3.196254 2.661992 7.403982 -1.825111 -3.239680 -277.734484 -281.685612 
298		746.340000	51	2416	622.642676		179 806 307 89 150 2416 402 790 51 930 1683 1730 607 822 294 567 289 1946 1778 853 706 987 788 443 203 461 327 2235 641 705 797 478 1343 1110 1470 1768 219 406 324 59 1270 489 108 346 1761 102 128 416 159 379 	# 690.079487 -1.413122 -17.562812 -3.212397 2.667474 18.060304 -1.833456 -3.255904 -385.309381 -389.277224 
299		656.700000	15	4160	831.346443		421 128 251 698 453 701 429 154 772 4160 447 256 18 1174 97 325 306 424 603 447 690 470 216 618 1140 833 600 490 1571 520 2646 53 1071 331 76 140 75 546 193 1200 552 15 3896 528 235 331 368 789 162 216 	# 691.446383 -1.419419 -17.650689 -3.228588 2.672979 17.615974 -1.841826 -3.272176 -381.880832 -385.865446 
