# Episode	Mean score	Min	Max	Standard deviation	Scores	# Feature weights	
0		492.220000	16	2299	449.876051		16 98 112 29 777 623 413 446 680 2299 339 78 375 218 154 25 643 944 402 145 992 589 663 954 880 47 42 1019 858 1225 205 459 677 388 54 900 74 286 683 23 1212 265 968 693 1029 136 207 25 56 186 	# -7.044861 -0.008435 -0.361248 -0.051020 0.973647 -0.192680 -0.012166 -0.042483 -0.466959 -0.469743 
1		0.020000	0	1	0.141421		0 0 0 0 0 0 0 0 0 0 0 0 0 0 0 0 0 0 0 0 0 0 0 0 0 0 0 0 0 0 0 0 0 0 0 0 0 0 0 0 0 0 0 0 0 0 0 1 0 0 	# -15.922033 -0.176087 0.454508 -0.001200 0.610635 0.479312 -0.151494 -0.000600 -0.212417 0.142690 
2		36.120000	0	184	40.752934		184 20 24 6 8 1 6 38 84 15 0 33 0 20 6 12 12 19 121 1 120 35 101 8 33 0 90 4 3 42 43 18 0 72 79 79 65 16 6 115 5 43 12 0 53 11 59 38 4 42 	# -1.660327 0.003394 -0.017164 0.002355 0.126263 0.013735 0.002999 -0.001705 -0.243030 0.627999 
3		5.820000	0	17	3.794142		1 6 6 1 3 1 7 5 9 4 4 17 7 2 10 11 3 5 4 4 2 7 7 7 3 6 7 14 8 7 0 6 5 2 5 11 1 7 5 4 2 4 1 5 15 9 8 7 13 3 	# -11.366562 -0.479232 -0.321891 -0.078304 1.796356 -0.043702 -0.426295 -0.047725 -0.965802 -1.719901 
4		262.060000	10	964	215.989740		191 15 96 10 634 253 217 515 431 46 964 105 274 285 85 574 278 79 268 145 118 142 436 726 36 499 103 243 61 750 68 643 417 217 72 53 367 63 181 323 210 120 290 123 164 153 151 401 162 346 	# 2.199702 -0.016224 -0.139919 -0.006882 0.100171 -0.097418 -0.026954 -0.015545 -0.406532 0.455575 
5		58.240000	18	142	26.142904		29 48 92 101 62 46 74 58 33 71 32 50 66 37 81 119 37 18 95 58 74 45 33 65 40 46 52 39 61 102 46 53 89 34 37 44 109 22 52 53 42 56 45 61 24 47 79 142 58 55 	# 0.484363 -0.010984 -0.582174 -0.247854 1.015115 -0.015109 -0.045844 -0.215343 -4.361541 -4.434540 
6		0.000000	0	0	0.000000		0 0 0 0 0 0 0 0 0 0 0 0 0 0 0 0 0 0 0 0 0 0 0 0 0 0 0 0 0 0 0 0 0 0 0 0 0 0 0 0 0 0 0 0 0 0 0 0 0 0 	# -1.038958 -0.035329 -0.361332 0.072006 0.597255 -0.359509 -0.014677 0.046655 0.189857 0.565544 
7		1.000000	0	4	1.106567		0 0 0 2 4 3 0 1 0 2 1 0 1 1 0 0 0 0 0 2 1 1 3 1 0 0 0 3 2 0 1 2 0 0 0 3 1 2 1 0 1 2 0 0 1 0 2 2 3 1 	# -16.396841 0.000324 -0.271856 -0.127729 1.440298 -0.111821 -0.009524 -0.124368 -0.396316 -0.858024 
8		0.040000	0	2	0.282843		0 0 0 0 0 0 0 0 0 0 0 0 0 0 0 0 0 0 0 0 0 0 0 0 0 0 0 0 0 0 0 2 0 0 0 0 0 0 0 0 0 0 0 0 0 0 0 0 0 0 	# -0.445723 -0.004094 -0.007175 0.014656 0.047514 0.024434 -0.003265 0.010280 -0.345829 0.598690 
9		0.260000	0	3	0.632778		0 0 1 0 0 0 0 0 0 0 0 1 0 0 0 3 0 0 0 0 0 0 0 2 0 1 0 0 0 0 0 0 2 0 0 0 0 1 0 1 0 0 0 1 0 0 0 0 0 0 	# -17.262726 0.007413 -0.246837 -0.099033 1.457943 0.025103 -0.008191 -0.094749 -1.430825 -1.914996 
10		0.000000	0	0	0.000000		0 0 0 0 0 0 0 0 0 0 0 0 0 0 0 0 0 0 0 0 0 0 0 0 0 0 0 0 0 0 0 0 0 0 0 0 0 0 0 0 0 0 0 0 0 0 0 0 0 0 	# -0.456177 -0.002344 -0.004655 0.002710 0.031696 -0.020359 -0.001620 0.001430 0.174458 1.139917 
11		0.640000	0	4	0.875051		0 0 0 1 2 1 1 0 0 0 0 1 0 1 3 1 0 1 1 1 1 0 0 1 0 0 1 0 0 0 0 0 0 1 0 0 0 2 0 2 1 1 0 1 0 0 1 0 2 4 	# -15.346164 0.004915 -0.257128 -0.120214 1.453758 0.367057 -0.021470 -0.112810 -4.912832 -5.414598 
12		0.040000	0	2	0.282843		0 0 0 0 0 0 0 0 0 0 0 0 0 0 0 0 0 0 0 0 0 0 0 0 0 0 0 0 0 0 0 0 0 0 0 0 0 0 0 0 0 2 0 0 0 0 0 0 0 0 	# -0.487355 -0.000883 -0.009117 0.004233 0.036293 -0.030896 -0.001337 0.002785 0.235594 1.192639 
13		0.460000	0	3	0.787919		0 0 0 0 0 0 0 0 2 0 3 1 0 0 0 1 0 0 0 0 1 0 1 0 0 1 0 0 1 1 0 0 0 0 2 0 1 1 2 3 1 0 0 0 1 0 0 0 0 0 	# -17.306193 -0.012105 -0.250589 -0.117785 1.475188 -0.068469 -0.027240 -0.109911 -0.482080 -0.989901 
14		0.000000	0	0	0.000000		0 0 0 0 0 0 0 0 0 0 0 0 0 0 0 0 0 0 0 0 0 0 0 0 0 0 0 0 0 0 0 0 0 0 0 0 0 0 0 0 0 0 0 0 0 0 0 0 0 0 	# -0.556752 -0.002111 -0.007288 0.004724 0.037981 -0.034185 -0.001537 0.002832 0.284226 1.241430 
15		0.440000	0	3	0.760236		2 0 1 0 0 1 0 3 0 1 0 0 1 0 0 1 1 0 0 0 0 1 0 0 0 0 0 0 0 0 0 0 2 0 0 1 1 0 1 0 0 0 0 0 1 0 0 0 1 3 	# -17.505868 -0.013231 -0.248060 -0.115081 1.477517 -0.090017 -0.029177 -0.107714 -0.233863 -0.743043 
16		0.060000	0	3	0.424264		0 0 0 0 0 0 0 0 0 0 0 0 0 0 0 0 0 0 0 0 0 3 0 0 0 0 0 0 0 0 0 0 0 0 0 0 0 0 0 0 0 0 0 0 0 0 0 0 0 0 	# -0.334126 -0.002294 -0.006852 0.004862 0.038080 0.024253 -0.001894 0.003004 -0.294884 0.662186 
17		0.300000	0	2	0.614452		1 0 0 0 0 0 0 2 1 0 0 0 0 0 0 0 1 0 0 0 0 0 0 0 0 0 2 0 0 0 0 1 0 0 0 0 0 0 1 1 0 0 1 0 2 0 2 0 0 0 	# -17.459447 -0.020208 -0.240013 -0.108114 1.481481 -0.037672 -0.035726 -0.101498 -0.694059 -1.207620 
18		0.000000	0	0	0.000000		0 0 0 0 0 0 0 0 0 0 0 0 0 0 0 0 0 0 0 0 0 0 0 0 0 0 0 0 0 0 0 0 0 0 0 0 0 0 0 0 0 0 0 0 0 0 0 0 0 0 	# -0.645359 -0.003875 -0.006093 0.005127 0.039243 -0.050594 -0.002597 0.003118 0.461532 1.418742 
19		0.380000	0	2	0.666701		0 0 1 0 0 1 0 0 2 0 0 1 0 0 0 1 0 0 0 0 0 0 2 2 1 0 0 0 1 0 2 0 0 2 1 0 0 1 0 1 0 0 0 0 0 0 0 0 0 0 	# -17.523863 -0.013887 -0.241900 -0.108315 1.472131 -0.075357 -0.031059 -0.102104 -0.348861 -0.855581 
20		0.020000	0	1	0.141421		0 0 0 0 0 0 0 0 0 0 0 0 0 0 0 0 1 0 0 0 0 0 0 0 0 0 0 0 0 0 0 0 0 0 0 0 0 0 0 0 0 0 0 0 0 0 0 0 0 0 	# -0.619522 -0.003518 -0.006669 0.005005 0.039342 -0.046001 -0.002343 0.003001 0.410027 1.367017 
21		0.440000	0	4	0.786623		1 0 0 1 0 0 0 0 0 0 0 2 1 0 0 2 0 0 0 0 0 0 1 0 1 1 0 0 0 0 0 0 1 0 0 0 4 1 1 1 0 0 0 2 0 0 1 0 1 0 	# -17.268192 -0.019202 -0.239929 -0.108395 1.478606 -0.000254 -0.035545 -0.101694 -1.076987 -1.589668 
22		0.000000	0	0	0.000000		0 0 0 0 0 0 0 0 0 0 0 0 0 0 0 0 0 0 0 0 0 0 0 0 0 0 0 0 0 0 0 0 0 0 0 0 0 0 0 0 0 0 0 0 0 0 0 0 0 0 	# -0.400646 -0.002907 -0.006033 0.004906 0.037336 0.007217 -0.002284 0.003070 -0.116513 0.841629 
23		0.420000	0	4	0.859283		0 0 0 0 0 0 0 0 2 0 1 0 0 0 0 1 4 0 0 0 0 1 0 0 2 0 0 0 1 0 1 0 0 0 0 0 0 0 0 3 0 1 0 2 0 0 1 0 0 1 	# -17.628355 -0.013608 -0.241965 -0.108335 1.472404 -0.098703 -0.030855 -0.102111 -0.114028 -0.620850 
24		0.000000	0	0	0.000000		0 0 0 0 0 0 0 0 0 0 0 0 0 0 0 0 0 0 0 0 0 0 0 0 0 0 0 0 0 0 0 0 0 0 0 0 0 0 0 0 0 0 0 0 0 0 0 0 0 0 	# -0.578674 -0.003518 -0.006672 0.005004 0.039360 -0.035729 -0.002343 0.003001 0.307303 1.264273 
25		0.300000	0	3	0.580288		0 1 0 1 0 0 0 0 1 1 0 1 0 0 0 0 0 0 0 0 0 0 1 0 0 0 3 0 0 1 0 1 1 0 0 0 0 0 0 0 1 1 0 0 0 1 0 0 0 0 	# -17.672917 -0.019202 -0.239929 -0.108395 1.478606 -0.101435 -0.035545 -0.101694 -0.065172 -0.577852 
26		0.060000	0	2	0.313636		2 0 0 0 0 0 0 0 0 0 0 0 0 0 0 0 0 0 0 0 0 0 1 0 0 0 0 0 0 0 0 0 0 0 0 0 0 0 0 0 0 0 0 0 0 0 0 0 0 0 	# -0.579316 -0.002907 -0.006033 0.004906 0.037336 -0.037450 -0.002284 0.003070 0.330163 1.288305 
27		0.360000	0	3	0.721676		0 0 2 1 1 0 0 0 0 0 0 0 0 0 0 0 0 0 0 0 0 0 0 0 1 1 0 2 0 3 1 0 0 0 0 0 0 0 0 1 0 0 1 2 0 0 0 0 2 0 	# -17.593161 -0.013608 -0.241965 -0.108335 1.472404 -0.089905 -0.030855 -0.102111 -0.202014 -0.708836 
28		0.140000	0	2	0.452205		0 0 0 0 0 0 0 0 1 2 0 0 0 0 1 0 0 0 0 0 0 0 0 0 0 0 0 0 0 0 0 0 0 2 0 0 0 0 0 1 0 0 0 0 0 0 0 0 0 0 	# -0.628577 -0.003518 -0.006672 0.005004 0.039360 -0.048205 -0.002343 0.003001 0.432059 1.389030 
29		0.440000	0	3	0.812153		0 1 2 2 0 0 0 0 0 1 0 0 0 0 0 1 1 2 0 1 2 0 0 0 0 0 0 1 0 3 0 0 0 0 0 0 0 3 1 0 0 1 0 0 0 0 0 0 0 0 	# -17.651198 -0.019202 -0.239929 -0.108395 1.478606 -0.096006 -0.035545 -0.101694 -0.119469 -0.632149 
30		0.000000	0	0	0.000000		0 0 0 0 0 0 0 0 0 0 0 0 0 0 0 0 0 0 0 0 0 0 0 0 0 0 0 0 0 0 0 0 0 0 0 0 0 0 0 0 0 0 0 0 0 0 0 0 0 0 	# -0.579316 -0.002907 -0.006033 0.004906 0.037336 -0.037450 -0.002284 0.003070 0.330163 1.288305 
31		0.500000	0	3	0.762648		0 3 0 1 2 1 1 0 0 0 2 0 0 0 0 0 0 0 0 0 0 0 0 1 0 1 0 1 1 2 0 1 0 0 0 0 2 0 0 0 0 0 2 0 1 0 1 0 1 1 	# -17.593161 -0.013608 -0.241965 -0.108335 1.472404 -0.089905 -0.030855 -0.102111 -0.202014 -0.708836 
32		0.040000	0	1	0.197949		0 0 0 0 0 0 0 0 0 0 0 0 0 0 1 0 0 0 0 0 0 0 0 0 0 0 0 0 0 0 0 0 0 0 0 0 0 0 0 1 0 0 0 0 0 0 0 0 0 0 	# -0.628577 -0.003518 -0.006672 0.005004 0.039360 -0.048205 -0.002343 0.003001 0.432059 1.389030 
33		0.360000	0	3	0.749422		0 0 0 0 1 0 0 0 0 0 0 0 0 0 0 0 1 0 0 0 0 1 0 0 0 1 0 0 2 0 1 0 0 2 0 0 0 1 1 0 0 0 0 0 1 3 0 0 0 3 	# -17.651198 -0.019202 -0.239929 -0.108395 1.478606 -0.096006 -0.035545 -0.101694 -0.119469 -0.632149 
34		0.020000	0	1	0.141421		0 0 0 0 0 0 0 0 0 0 0 0 0 0 0 0 0 0 0 0 0 0 1 0 0 0 0 0 0 0 0 0 0 0 0 0 0 0 0 0 0 0 0 0 0 0 0 0 0 0 	# -0.579316 -0.002907 -0.006033 0.004906 0.037336 -0.037450 -0.002284 0.003070 0.330163 1.288305 
35		0.280000	0	2	0.572855		0 0 0 2 0 2 0 0 0 0 0 1 0 0 1 0 0 0 0 0 0 0 0 0 0 0 0 0 1 0 0 0 0 0 0 1 0 1 1 0 0 0 1 0 0 0 0 2 1 0 	# -17.593161 -0.013608 -0.241965 -0.108335 1.472404 -0.089905 -0.030855 -0.102111 -0.202014 -0.708836 
36		0.000000	0	0	0.000000		0 0 0 0 0 0 0 0 0 0 0 0 0 0 0 0 0 0 0 0 0 0 0 0 0 0 0 0 0 0 0 0 0 0 0 0 0 0 0 0 0 0 0 0 0 0 0 0 0 0 	# -0.628577 -0.003518 -0.006672 0.005004 0.039360 -0.048205 -0.002343 0.003001 0.432059 1.389030 
37		0.320000	0	2	0.652781		0 0 0 2 1 0 2 1 0 2 0 1 0 0 0 0 1 0 0 0 0 0 0 0 0 0 0 0 0 0 0 0 0 1 1 0 0 0 0 0 0 0 0 0 2 0 0 2 0 0 	# -17.651198 -0.019202 -0.239929 -0.108395 1.478606 -0.096006 -0.035545 -0.101694 -0.119469 -0.632149 
38		0.000000	0	0	0.000000		0 0 0 0 0 0 0 0 0 0 0 0 0 0 0 0 0 0 0 0 0 0 0 0 0 0 0 0 0 0 0 0 0 0 0 0 0 0 0 0 0 0 0 0 0 0 0 0 0 0 	# -0.579316 -0.002907 -0.006033 0.004906 0.037336 -0.037450 -0.002284 0.003070 0.330163 1.288305 
39		0.480000	0	4	0.788696		0 1 0 1 1 0 0 0 1 0 0 0 1 0 0 4 0 2 0 0 0 1 0 2 0 0 0 0 1 2 0 1 1 0 0 0 0 1 1 0 0 0 0 0 1 0 1 1 0 0 	# -17.593161 -0.013608 -0.241965 -0.108335 1.472404 -0.089905 -0.030855 -0.102111 -0.202014 -0.708836 
40		0.040000	0	2	0.282843		0 0 0 0 0 0 0 0 0 0 0 0 0 0 0 0 0 0 0 0 0 0 0 0 0 0 0 0 2 0 0 0 0 0 0 0 0 0 0 0 0 0 0 0 0 0 0 0 0 0 	# -0.628577 -0.003518 -0.006672 0.005004 0.039360 -0.048205 -0.002343 0.003001 0.432059 1.389030 
41		0.280000	0	2	0.536048		0 0 0 2 1 0 0 1 0 1 0 0 0 0 0 0 0 0 0 0 0 0 0 0 0 0 0 0 0 0 0 1 1 0 1 0 0 0 0 1 0 0 0 1 0 0 1 1 0 2 	# -17.651198 -0.019202 -0.239929 -0.108395 1.478606 -0.096006 -0.035545 -0.101694 -0.119469 -0.632149 
42		0.040000	0	1	0.197949		0 0 0 0 0 0 0 1 0 0 1 0 0 0 0 0 0 0 0 0 0 0 0 0 0 0 0 0 0 0 0 0 0 0 0 0 0 0 0 0 0 0 0 0 0 0 0 0 0 0 	# -0.579316 -0.002907 -0.006033 0.004906 0.037336 -0.037450 -0.002284 0.003070 0.330163 1.288305 
43		0.300000	0	2	0.580288		1 1 0 0 1 0 0 0 0 0 2 1 0 0 1 0 0 0 1 0 0 0 0 0 0 0 0 0 1 0 0 0 0 0 0 0 0 0 2 2 0 0 0 0 0 1 0 1 0 0 	# -17.593161 -0.013608 -0.241965 -0.108335 1.472404 -0.089905 -0.030855 -0.102111 -0.202014 -0.708836 
44		0.000000	0	0	0.000000		0 0 0 0 0 0 0 0 0 0 0 0 0 0 0 0 0 0 0 0 0 0 0 0 0 0 0 0 0 0 0 0 0 0 0 0 0 0 0 0 0 0 0 0 0 0 0 0 0 0 	# -0.628577 -0.003518 -0.006672 0.005004 0.039360 -0.048205 -0.002343 0.003001 0.432059 1.389030 
45		0.420000	0	4	0.810392		1 1 4 1 0 0 0 0 1 0 2 3 0 0 0 0 0 0 0 0 1 0 1 0 0 1 0 0 1 0 0 0 0 0 1 0 1 0 0 0 0 0 0 0 1 0 0 0 0 1 	# -17.651198 -0.019202 -0.239929 -0.108395 1.478606 -0.096006 -0.035545 -0.101694 -0.119469 -0.632149 
46		0.020000	0	1	0.141421		0 0 0 0 0 0 0 0 0 0 1 0 0 0 0 0 0 0 0 0 0 0 0 0 0 0 0 0 0 0 0 0 0 0 0 0 0 0 0 0 0 0 0 0 0 0 0 0 0 0 	# -0.579316 -0.002907 -0.006033 0.004906 0.037336 -0.037450 -0.002284 0.003070 0.330163 1.288305 
47		0.580000	0	5	1.011969		1 0 2 2 0 0 0 0 0 0 0 0 0 5 1 1 0 1 0 2 1 2 0 0 0 0 3 0 0 0 0 0 1 2 1 0 0 0 0 0 0 0 0 1 0 1 2 0 0 0 	# -17.593161 -0.013608 -0.241965 -0.108335 1.472404 -0.089905 -0.030855 -0.102111 -0.202014 -0.708836 
48		0.020000	0	1	0.141421		0 0 0 0 0 0 0 0 0 0 0 0 0 0 0 0 0 0 0 0 0 0 0 0 0 0 0 0 0 0 0 0 0 0 0 0 1 0 0 0 0 0 0 0 0 0 0 0 0 0 	# -0.628577 -0.003518 -0.006672 0.005004 0.039360 -0.048205 -0.002343 0.003001 0.432059 1.389030 
49		0.460000	0	3	0.761577		0 0 0 1 1 0 3 0 0 0 2 0 0 2 0 1 0 1 1 0 1 0 0 1 0 1 0 1 0 1 0 0 0 0 0 0 0 0 0 1 0 3 0 1 0 0 0 1 0 0 	# -17.651198 -0.019202 -0.239929 -0.108395 1.478606 -0.096006 -0.035545 -0.101694 -0.119469 -0.632149 
50		0.000000	0	0	0.000000		0 0 0 0 0 0 0 0 0 0 0 0 0 0 0 0 0 0 0 0 0 0 0 0 0 0 0 0 0 0 0 0 0 0 0 0 0 0 0 0 0 0 0 0 0 0 0 0 0 0 	# -0.579316 -0.002907 -0.006033 0.004906 0.037336 -0.037450 -0.002284 0.003070 0.330163 1.288305 
51		0.340000	0	4	0.745326		0 0 0 4 0 0 1 0 0 0 0 0 2 0 0 0 1 0 0 0 0 0 1 0 0 0 1 0 0 2 0 1 1 0 1 1 1 0 0 0 0 0 0 0 0 0 0 0 0 0 	# -17.593161 -0.013608 -0.241965 -0.108335 1.472404 -0.089905 -0.030855 -0.102111 -0.202014 -0.708836 
52		0.020000	0	1	0.141421		0 0 0 0 0 0 0 0 0 0 0 0 0 0 0 0 0 0 1 0 0 0 0 0 0 0 0 0 0 0 0 0 0 0 0 0 0 0 0 0 0 0 0 0 0 0 0 0 0 0 	# -0.628577 -0.003518 -0.006672 0.005004 0.039360 -0.048205 -0.002343 0.003001 0.432059 1.389030 
53		0.560000	0	4	0.972269		0 0 0 0 1 0 0 0 0 1 0 2 0 0 0 0 0 0 0 0 0 2 0 0 2 0 0 0 3 1 0 0 0 0 0 0 3 0 0 0 2 1 4 1 1 1 2 0 1 0 	# -17.651198 -0.019202 -0.239929 -0.108395 1.478606 -0.096006 -0.035545 -0.101694 -0.119469 -0.632149 
54		0.040000	0	2	0.282843		0 0 0 0 0 0 0 0 0 0 0 0 0 0 0 0 0 0 0 0 0 0 0 0 0 0 0 0 0 0 0 0 0 0 0 0 0 0 0 0 0 2 0 0 0 0 0 0 0 0 	# -0.579316 -0.002907 -0.006033 0.004906 0.037336 -0.037450 -0.002284 0.003070 0.330163 1.288305 
55		0.360000	0	3	0.692820		1 0 0 0 1 0 1 1 1 0 0 0 0 0 0 0 0 0 0 0 0 1 0 0 0 1 0 1 0 0 2 0 2 0 0 0 0 0 0 0 0 0 1 0 0 2 0 3 0 0 	# -17.593161 -0.013608 -0.241965 -0.108335 1.472404 -0.089905 -0.030855 -0.102111 -0.202014 -0.708836 
56		0.080000	0	3	0.444467		0 0 0 0 0 0 0 0 0 0 0 0 0 0 0 0 0 0 0 0 0 0 0 3 0 0 1 0 0 0 0 0 0 0 0 0 0 0 0 0 0 0 0 0 0 0 0 0 0 0 	# -0.628577 -0.003518 -0.006672 0.005004 0.039360 -0.048205 -0.002343 0.003001 0.432059 1.389030 
57		0.480000	0	2	0.677330		0 0 0 0 2 1 2 1 0 0 1 1 1 0 0 0 1 0 0 1 0 2 2 0 0 0 0 1 2 0 0 0 1 0 1 0 0 1 0 0 0 0 1 0 0 0 1 1 0 0 	# -17.651198 -0.019202 -0.239929 -0.108395 1.478606 -0.096006 -0.035545 -0.101694 -0.119469 -0.632149 
58		0.040000	0	1	0.197949		0 0 0 0 0 0 0 0 0 0 0 0 0 0 0 0 0 0 0 0 0 0 0 0 0 0 0 0 0 0 0 0 0 0 0 0 0 0 0 0 0 0 0 0 0 1 0 0 0 1 	# -0.579316 -0.002907 -0.006033 0.004906 0.037336 -0.037450 -0.002284 0.003070 0.330163 1.288305 
59		0.380000	0	4	0.725343		1 1 4 0 0 0 0 0 1 1 0 0 1 1 0 0 1 0 0 2 1 1 0 0 0 0 0 0 0 1 0 0 0 0 0 1 0 0 1 0 1 0 0 0 0 0 0 0 0 0 	# -17.593161 -0.013608 -0.241965 -0.108335 1.472404 -0.089905 -0.030855 -0.102111 -0.202014 -0.708836 
60		0.000000	0	0	0.000000		0 0 0 0 0 0 0 0 0 0 0 0 0 0 0 0 0 0 0 0 0 0 0 0 0 0 0 0 0 0 0 0 0 0 0 0 0 0 0 0 0 0 0 0 0 0 0 0 0 0 	# -0.628577 -0.003518 -0.006672 0.005004 0.039360 -0.048205 -0.002343 0.003001 0.432059 1.389030 
61		0.300000	0	3	0.646813		0 0 0 0 0 0 0 0 0 1 0 0 0 0 0 0 1 0 1 0 0 0 0 0 0 0 3 0 2 0 0 2 1 0 1 0 0 0 0 0 1 0 0 0 0 0 0 1 1 0 	# -17.651198 -0.019202 -0.239929 -0.108395 1.478606 -0.096006 -0.035545 -0.101694 -0.119469 -0.632149 
62		0.040000	0	2	0.282843		0 0 0 0 0 0 0 0 0 0 0 0 0 0 0 0 0 0 0 0 0 0 0 0 0 0 0 0 0 0 0 0 0 0 0 0 0 0 0 0 0 0 0 0 0 0 0 2 0 0 	# -0.579316 -0.002907 -0.006033 0.004906 0.037336 -0.037450 -0.002284 0.003070 0.330163 1.288305 
63		0.260000	0	2	0.564602		0 2 0 0 0 0 0 0 0 0 0 0 0 1 0 0 1 0 0 0 0 0 0 2 0 0 1 0 0 0 0 0 0 1 0 0 1 0 0 0 1 0 0 0 0 0 0 0 2 1 	# -17.593161 -0.013608 -0.241965 -0.108335 1.472404 -0.089905 -0.030855 -0.102111 -0.202014 -0.708836 
64		0.040000	0	2	0.282843		0 0 0 0 0 0 0 0 0 0 0 0 0 0 0 0 0 0 0 0 0 0 0 0 0 0 0 0 2 0 0 0 0 0 0 0 0 0 0 0 0 0 0 0 0 0 0 0 0 0 	# -0.628577 -0.003518 -0.006672 0.005004 0.039360 -0.048205 -0.002343 0.003001 0.432059 1.389030 
65		0.280000	0	2	0.536048		0 1 0 1 2 0 0 0 0 0 1 0 1 1 0 0 0 0 0 0 0 0 0 0 1 0 0 0 1 1 0 0 0 0 0 0 0 0 2 0 0 0 0 0 0 0 0 1 1 0 	# -17.651198 -0.019202 -0.239929 -0.108395 1.478606 -0.096006 -0.035545 -0.101694 -0.119469 -0.632149 
66		0.020000	0	1	0.141421		0 0 0 0 0 0 0 0 0 0 0 0 0 0 1 0 0 0 0 0 0 0 0 0 0 0 0 0 0 0 0 0 0 0 0 0 0 0 0 0 0 0 0 0 0 0 0 0 0 0 	# -0.579316 -0.002907 -0.006033 0.004906 0.037336 -0.037450 -0.002284 0.003070 0.330163 1.288305 
67		0.440000	0	4	0.884331		0 0 0 1 0 0 0 0 0 1 0 0 0 1 0 1 4 1 0 0 0 0 0 0 2 0 0 0 0 3 1 0 0 0 0 1 0 1 0 0 1 1 0 0 0 0 0 0 3 0 	# -17.593161 -0.013608 -0.241965 -0.108335 1.472404 -0.089905 -0.030855 -0.102111 -0.202014 -0.708836 
68		0.080000	0	2	0.395897		0 0 0 0 0 2 0 0 0 0 0 0 0 0 0 0 0 0 0 0 0 0 0 0 0 0 0 0 0 0 0 0 0 0 0 0 0 0 0 0 0 0 0 0 0 0 0 0 2 0 	# -0.628577 -0.003518 -0.006672 0.005004 0.039360 -0.048205 -0.002343 0.003001 0.432059 1.389030 
69		0.220000	0	4	0.648074		0 1 1 0 0 0 0 1 0 0 4 0 0 0 1 0 0 0 0 0 0 0 1 0 0 0 1 0 0 0 1 0 0 0 0 0 0 0 0 0 0 0 0 0 0 0 0 0 0 0 	# -17.651198 -0.019202 -0.239929 -0.108395 1.478606 -0.096006 -0.035545 -0.101694 -0.119469 -0.632149 
70		0.060000	0	3	0.424264		0 0 0 0 0 0 0 0 0 0 0 3 0 0 0 0 0 0 0 0 0 0 0 0 0 0 0 0 0 0 0 0 0 0 0 0 0 0 0 0 0 0 0 0 0 0 0 0 0 0 	# -0.579316 -0.002907 -0.006033 0.004906 0.037336 -0.037450 -0.002284 0.003070 0.330163 1.288305 
71		0.400000	0	7	1.160577		0 0 0 0 0 0 0 0 0 0 7 0 0 0 0 2 2 0 0 0 0 0 0 0 0 0 0 0 0 0 0 0 0 2 1 0 1 3 0 0 1 0 0 0 0 0 0 0 0 1 	# -17.593161 -0.013608 -0.241965 -0.108335 1.472404 -0.089905 -0.030855 -0.102111 -0.202014 -0.708836 
72		0.100000	0	4	0.580288		0 0 4 0 0 0 0 0 0 0 0 0 0 0 0 0 0 0 0 0 0 0 0 0 0 0 0 0 0 0 0 0 0 0 0 0 0 0 0 0 0 0 0 0 0 0 0 0 1 0 	# -0.628577 -0.003518 -0.006672 0.005004 0.039360 -0.048205 -0.002343 0.003001 0.432059 1.389030 
73		0.340000	0	2	0.592814		0 1 0 2 0 1 1 0 1 1 0 1 1 0 0 0 0 0 0 0 0 0 0 1 0 1 0 0 0 0 0 0 0 0 0 0 1 2 0 0 0 0 2 0 0 1 0 0 0 0 	# -17.651198 -0.019202 -0.239929 -0.108395 1.478606 -0.096006 -0.035545 -0.101694 -0.119469 -0.632149 
74		0.020000	0	1	0.141421		0 0 1 0 0 0 0 0 0 0 0 0 0 0 0 0 0 0 0 0 0 0 0 0 0 0 0 0 0 0 0 0 0 0 0 0 0 0 0 0 0 0 0 0 0 0 0 0 0 0 	# -0.579316 -0.002907 -0.006033 0.004906 0.037336 -0.037450 -0.002284 0.003070 0.330163 1.288305 
75		0.220000	0	1	0.418452		0 0 0 0 0 0 0 0 0 1 0 0 0 0 1 0 0 0 1 0 1 1 0 0 0 0 0 0 0 1 0 0 0 1 0 0 0 0 1 0 0 0 0 1 1 1 0 0 0 0 	# -17.593161 -0.013608 -0.241965 -0.108335 1.472404 -0.089905 -0.030855 -0.102111 -0.202014 -0.708836 
76		0.000000	0	0	0.000000		0 0 0 0 0 0 0 0 0 0 0 0 0 0 0 0 0 0 0 0 0 0 0 0 0 0 0 0 0 0 0 0 0 0 0 0 0 0 0 0 0 0 0 0 0 0 0 0 0 0 	# -0.628577 -0.003518 -0.006672 0.005004 0.039360 -0.048205 -0.002343 0.003001 0.432059 1.389030 
77		0.580000	0	6	1.070762		0 0 1 0 1 0 6 0 0 0 0 3 1 2 2 0 0 2 1 1 0 0 0 1 0 0 0 0 0 0 1 0 1 1 2 0 0 0 0 0 0 0 0 1 0 0 0 1 0 1 	# -17.651198 -0.019202 -0.239929 -0.108395 1.478606 -0.096006 -0.035545 -0.101694 -0.119469 -0.632149 
78		0.120000	0	3	0.479796		0 0 0 0 0 0 0 0 0 0 0 0 0 0 0 0 0 0 0 0 0 0 1 3 1 0 0 0 0 0 0 0 0 0 0 0 1 0 0 0 0 0 0 0 0 0 0 0 0 0 	# -0.579316 -0.002907 -0.006033 0.004906 0.037336 -0.037450 -0.002284 0.003070 0.330163 1.288305 
79		0.640000	0	4	0.963836		0 0 0 0 0 2 2 0 2 0 0 0 0 1 0 0 0 4 0 0 1 1 1 1 1 0 0 1 0 0 0 1 0 2 2 0 0 1 1 1 1 0 0 4 0 0 1 0 1 0 	# -17.593161 -0.013608 -0.241965 -0.108335 1.472404 -0.089905 -0.030855 -0.102111 -0.202014 -0.708836 
80		0.000000	0	0	0.000000		0 0 0 0 0 0 0 0 0 0 0 0 0 0 0 0 0 0 0 0 0 0 0 0 0 0 0 0 0 0 0 0 0 0 0 0 0 0 0 0 0 0 0 0 0 0 0 0 0 0 	# -0.628577 -0.003518 -0.006672 0.005004 0.039360 -0.048205 -0.002343 0.003001 0.432059 1.389030 
81		0.300000	0	3	0.614452		0 0 0 0 1 0 1 1 0 1 1 1 0 1 0 0 0 2 0 1 0 0 0 0 0 0 0 0 0 3 0 0 0 1 0 0 0 0 0 0 0 0 0 0 0 1 0 0 0 0 	# -17.651198 -0.019202 -0.239929 -0.108395 1.478606 -0.096006 -0.035545 -0.101694 -0.119469 -0.632149 
82		0.020000	0	1	0.141421		0 0 0 0 0 0 0 0 0 0 0 0 0 0 0 0 0 0 0 0 0 0 0 0 0 0 0 0 0 0 0 0 0 0 0 0 0 0 0 0 0 0 0 1 0 0 0 0 0 0 	# -0.579316 -0.002907 -0.006033 0.004906 0.037336 -0.037450 -0.002284 0.003070 0.330163 1.288305 
83		0.380000	0	3	0.666701		0 0 1 0 0 0 1 0 1 0 0 0 0 0 1 0 0 0 0 0 1 0 1 1 3 1 0 0 1 0 1 2 0 0 0 0 1 0 0 2 0 0 0 0 0 0 0 0 0 1 	# -17.593161 -0.013608 -0.241965 -0.108335 1.472404 -0.089905 -0.030855 -0.102111 -0.202014 -0.708836 
84		0.020000	0	1	0.141421		0 0 0 0 0 0 0 0 0 0 0 0 0 0 0 0 0 0 0 0 0 0 0 0 0 0 0 0 0 0 0 0 0 0 0 0 0 0 0 0 0 0 1 0 0 0 0 0 0 0 	# -0.628577 -0.003518 -0.006672 0.005004 0.039360 -0.048205 -0.002343 0.003001 0.432059 1.389030 
85		0.400000	0	4	0.728431		0 1 1 0 0 0 0 0 0 0 0 1 0 0 0 0 1 4 2 1 0 0 0 1 0 0 1 0 0 0 0 1 0 0 1 1 0 0 0 0 0 0 0 1 0 1 1 0 1 0 	# -17.651198 -0.019202 -0.239929 -0.108395 1.478606 -0.096006 -0.035545 -0.101694 -0.119469 -0.632149 
86		0.020000	0	1	0.141421		0 0 1 0 0 0 0 0 0 0 0 0 0 0 0 0 0 0 0 0 0 0 0 0 0 0 0 0 0 0 0 0 0 0 0 0 0 0 0 0 0 0 0 0 0 0 0 0 0 0 	# -0.579316 -0.002907 -0.006033 0.004906 0.037336 -0.037450 -0.002284 0.003070 0.330163 1.288305 
87		0.160000	0	1	0.370328		0 0 0 0 0 0 0 0 0 0 0 0 0 0 0 0 0 1 0 1 0 1 0 0 0 0 0 0 1 0 0 0 0 0 1 0 0 0 0 0 1 0 0 0 0 0 1 0 1 0 	# -17.593161 -0.013608 -0.241965 -0.108335 1.472404 -0.089905 -0.030855 -0.102111 -0.202014 -0.708836 
88		0.000000	0	0	0.000000		0 0 0 0 0 0 0 0 0 0 0 0 0 0 0 0 0 0 0 0 0 0 0 0 0 0 0 0 0 0 0 0 0 0 0 0 0 0 0 0 0 0 0 0 0 0 0 0 0 0 	# -0.628577 -0.003518 -0.006672 0.005004 0.039360 -0.048205 -0.002343 0.003001 0.432059 1.389030 
89		0.320000	0	5	0.935469		0 0 0 0 0 0 0 0 5 0 0 0 0 0 0 0 0 0 0 0 1 0 1 0 0 0 1 4 0 0 0 1 0 0 0 1 0 0 0 0 0 0 1 0 0 0 0 0 1 0 	# -17.651198 -0.019202 -0.239929 -0.108395 1.478606 -0.096006 -0.035545 -0.101694 -0.119469 -0.632149 
90		0.000000	0	0	0.000000		0 0 0 0 0 0 0 0 0 0 0 0 0 0 0 0 0 0 0 0 0 0 0 0 0 0 0 0 0 0 0 0 0 0 0 0 0 0 0 0 0 0 0 0 0 0 0 0 0 0 	# -0.579316 -0.002907 -0.006033 0.004906 0.037336 -0.037450 -0.002284 0.003070 0.330163 1.288305 
91		0.420000	0	3	0.810392		0 1 0 2 0 0 0 3 0 0 0 0 3 1 0 1 0 1 0 0 0 1 1 1 0 0 3 0 0 0 0 0 0 0 0 0 0 1 0 1 0 0 0 0 1 0 0 0 0 0 	# -17.593161 -0.013608 -0.241965 -0.108335 1.472404 -0.089905 -0.030855 -0.102111 -0.202014 -0.708836 
92		0.000000	0	0	0.000000		0 0 0 0 0 0 0 0 0 0 0 0 0 0 0 0 0 0 0 0 0 0 0 0 0 0 0 0 0 0 0 0 0 0 0 0 0 0 0 0 0 0 0 0 0 0 0 0 0 0 	# -0.628577 -0.003518 -0.006672 0.005004 0.039360 -0.048205 -0.002343 0.003001 0.432059 1.389030 
93		0.620000	0	7	1.176123		1 1 7 0 1 1 0 2 0 0 2 0 0 0 1 0 1 1 0 1 1 1 2 0 0 0 0 0 0 0 0 0 0 0 1 0 0 0 0 0 0 2 1 1 0 3 0 0 0 0 	# -17.651198 -0.019202 -0.239929 -0.108395 1.478606 -0.096006 -0.035545 -0.101694 -0.119469 -0.632149 
94		0.020000	0	1	0.141421		0 0 0 0 1 0 0 0 0 0 0 0 0 0 0 0 0 0 0 0 0 0 0 0 0 0 0 0 0 0 0 0 0 0 0 0 0 0 0 0 0 0 0 0 0 0 0 0 0 0 	# -0.579316 -0.002907 -0.006033 0.004906 0.037336 -0.037450 -0.002284 0.003070 0.330163 1.288305 
95		0.540000	0	6	1.034309		0 0 2 2 1 2 0 1 0 0 0 0 0 0 0 1 1 0 0 0 2 0 0 1 0 0 2 1 0 0 0 0 0 1 1 6 0 0 0 0 0 0 0 0 0 0 1 1 1 0 	# -17.593161 -0.013608 -0.241965 -0.108335 1.472404 -0.089905 -0.030855 -0.102111 -0.202014 -0.708836 
96		0.000000	0	0	0.000000		0 0 0 0 0 0 0 0 0 0 0 0 0 0 0 0 0 0 0 0 0 0 0 0 0 0 0 0 0 0 0 0 0 0 0 0 0 0 0 0 0 0 0 0 0 0 0 0 0 0 	# -0.628577 -0.003518 -0.006672 0.005004 0.039360 -0.048205 -0.002343 0.003001 0.432059 1.389030 
97		0.400000	0	3	0.670059		0 0 0 1 0 1 0 0 1 0 0 0 0 0 0 0 1 1 3 0 1 0 1 0 1 0 0 1 0 2 2 0 0 0 0 1 0 0 0 1 1 0 0 0 1 0 0 0 0 0 	# -17.651198 -0.019202 -0.239929 -0.108395 1.478606 -0.096006 -0.035545 -0.101694 -0.119469 -0.632149 
98		0.020000	0	1	0.141421		0 0 0 0 0 0 0 0 0 0 0 0 0 0 0 0 0 0 0 0 0 0 0 0 0 0 0 0 0 1 0 0 0 0 0 0 0 0 0 0 0 0 0 0 0 0 0 0 0 0 	# -0.579316 -0.002907 -0.006033 0.004906 0.037336 -0.037450 -0.002284 0.003070 0.330163 1.288305 
99		0.340000	0	2	0.658074		0 0 0 0 1 1 0 2 0 0 0 0 0 0 0 0 0 0 0 0 1 0 0 0 2 1 0 0 0 0 0 0 2 0 1 0 0 0 0 2 0 0 0 0 1 2 0 0 0 1 	# -17.593161 -0.013608 -0.241965 -0.108335 1.472404 -0.089905 -0.030855 -0.102111 -0.202014 -0.708836 
100		0.040000	0	2	0.282843		0 0 0 0 0 0 0 0 0 0 0 0 0 0 0 0 0 0 0 0 0 0 0 0 0 0 0 0 0 0 0 0 0 0 0 0 0 0 0 2 0 0 0 0 0 0 0 0 0 0 	# -0.628577 -0.003518 -0.006672 0.005004 0.039360 -0.048205 -0.002343 0.003001 0.432059 1.389030 
101		0.320000	0	2	0.683329		0 0 0 0 2 0 0 2 0 0 0 0 0 0 0 0 0 1 0 0 0 1 2 0 0 0 0 0 0 0 0 0 0 2 0 0 0 1 0 2 0 1 0 0 0 0 2 0 0 0 	# -17.651198 -0.019202 -0.239929 -0.108395 1.478606 -0.096006 -0.035545 -0.101694 -0.119469 -0.632149 
102		0.020000	0	1	0.141421		0 0 0 0 0 0 0 0 0 0 0 0 0 0 0 0 0 0 0 0 0 0 0 0 0 0 0 0 0 0 0 0 0 0 0 0 0 0 0 0 0 0 0 0 0 0 0 0 0 1 	# -0.579316 -0.002907 -0.006033 0.004906 0.037336 -0.037450 -0.002284 0.003070 0.330163 1.288305 
103		0.480000	0	4	0.908913		0 0 0 0 0 2 0 0 1 0 1 1 1 0 0 0 0 0 4 1 0 0 1 0 0 0 3 0 0 0 2 0 0 0 0 1 0 0 0 3 1 0 0 1 0 0 0 0 0 1 	# -17.593161 -0.013608 -0.241965 -0.108335 1.472404 -0.089905 -0.030855 -0.102111 -0.202014 -0.708836 
104		0.020000	0	1	0.141421		0 0 0 0 0 0 0 0 0 0 0 0 0 0 0 0 0 0 0 0 0 0 0 0 0 0 0 0 0 0 0 0 0 0 0 0 0 0 0 0 0 0 1 0 0 0 0 0 0 0 	# -0.628577 -0.003518 -0.006672 0.005004 0.039360 -0.048205 -0.002343 0.003001 0.432059 1.389030 
105		0.280000	0	2	0.536048		0 0 1 0 0 0 0 0 0 1 0 0 0 0 1 1 0 2 0 0 1 1 0 0 0 0 0 0 2 0 0 0 0 0 0 1 0 0 0 0 0 0 0 1 1 0 0 0 1 0 	# -17.651198 -0.019202 -0.239929 -0.108395 1.478606 -0.096006 -0.035545 -0.101694 -0.119469 -0.632149 
106		0.000000	0	0	0.000000		0 0 0 0 0 0 0 0 0 0 0 0 0 0 0 0 0 0 0 0 0 0 0 0 0 0 0 0 0 0 0 0 0 0 0 0 0 0 0 0 0 0 0 0 0 0 0 0 0 0 	# -0.579316 -0.002907 -0.006033 0.004906 0.037336 -0.037450 -0.002284 0.003070 0.330163 1.288305 
107		0.180000	0	2	0.437526		0 0 0 0 0 1 0 1 0 2 1 0 1 1 0 0 0 0 0 0 0 0 0 0 0 0 0 0 0 0 0 0 0 0 0 0 0 0 0 0 1 0 0 0 0 0 0 0 0 1 	# -17.593161 -0.013608 -0.241965 -0.108335 1.472404 -0.089905 -0.030855 -0.102111 -0.202014 -0.708836 
108		0.000000	0	0	0.000000		0 0 0 0 0 0 0 0 0 0 0 0 0 0 0 0 0 0 0 0 0 0 0 0 0 0 0 0 0 0 0 0 0 0 0 0 0 0 0 0 0 0 0 0 0 0 0 0 0 0 	# -0.628577 -0.003518 -0.006672 0.005004 0.039360 -0.048205 -0.002343 0.003001 0.432059 1.389030 
109		0.220000	0	1	0.418452		0 1 0 0 0 0 0 0 1 0 0 0 1 0 0 0 1 0 0 0 0 0 0 0 1 0 0 0 0 1 1 0 1 0 0 0 0 1 1 0 0 0 0 0 1 0 0 0 0 0 	# -17.651198 -0.019202 -0.239929 -0.108395 1.478606 -0.096006 -0.035545 -0.101694 -0.119469 -0.632149 
110		0.080000	0	2	0.395897		0 0 0 0 0 0 0 0 0 0 0 0 0 2 0 0 0 0 0 0 0 2 0 0 0 0 0 0 0 0 0 0 0 0 0 0 0 0 0 0 0 0 0 0 0 0 0 0 0 0 	# -0.579316 -0.002907 -0.006033 0.004906 0.037336 -0.037450 -0.002284 0.003070 0.330163 1.288305 
111		0.340000	0	2	0.557326		0 0 1 0 1 0 0 0 1 0 0 0 0 1 1 0 0 0 0 1 1 0 1 0 0 1 0 0 0 0 2 0 0 0 1 1 0 0 0 0 0 0 2 0 0 0 1 0 1 0 	# -17.593161 -0.013608 -0.241965 -0.108335 1.472404 -0.089905 -0.030855 -0.102111 -0.202014 -0.708836 
112		0.020000	0	1	0.141421		0 1 0 0 0 0 0 0 0 0 0 0 0 0 0 0 0 0 0 0 0 0 0 0 0 0 0 0 0 0 0 0 0 0 0 0 0 0 0 0 0 0 0 0 0 0 0 0 0 0 	# -0.628577 -0.003518 -0.006672 0.005004 0.039360 -0.048205 -0.002343 0.003001 0.432059 1.389030 
113		0.360000	0	3	0.662709		0 3 0 1 0 1 0 0 0 0 0 0 1 1 0 0 1 0 1 0 0 0 1 0 1 0 0 0 0 0 0 0 0 0 1 0 0 0 0 0 0 0 0 0 0 1 2 0 1 2 	# -17.651198 -0.019202 -0.239929 -0.108395 1.478606 -0.096006 -0.035545 -0.101694 -0.119469 -0.632149 
114		0.060000	0	2	0.313636		0 0 0 0 0 0 0 0 0 0 0 0 0 0 2 0 0 0 0 0 0 0 0 0 0 0 1 0 0 0 0 0 0 0 0 0 0 0 0 0 0 0 0 0 0 0 0 0 0 0 	# -0.579316 -0.002907 -0.006033 0.004906 0.037336 -0.037450 -0.002284 0.003070 0.330163 1.288305 
115		0.380000	0	2	0.530306		0 0 0 1 1 0 0 0 1 0 0 0 1 0 0 0 1 0 0 1 0 0 0 1 0 0 0 0 1 0 0 0 1 0 0 1 0 0 1 1 1 0 0 1 0 2 0 1 1 1 	# -17.593161 -0.013608 -0.241965 -0.108335 1.472404 -0.089905 -0.030855 -0.102111 -0.202014 -0.708836 
116		0.020000	0	1	0.141421		0 0 0 0 0 0 0 0 0 0 0 0 0 0 0 0 0 0 0 0 0 0 0 0 0 0 1 0 0 0 0 0 0 0 0 0 0 0 0 0 0 0 0 0 0 0 0 0 0 0 	# -0.628577 -0.003518 -0.006672 0.005004 0.039360 -0.048205 -0.002343 0.003001 0.432059 1.389030 
117		0.340000	0	2	0.557326		0 1 1 0 0 2 0 0 0 0 0 0 0 1 0 0 1 0 0 1 0 0 0 0 0 2 0 0 0 1 0 0 0 1 0 0 1 0 0 0 0 1 1 0 0 1 1 0 1 0 	# -17.651198 -0.019202 -0.239929 -0.108395 1.478606 -0.096006 -0.035545 -0.101694 -0.119469 -0.632149 
118		0.000000	0	0	0.000000		0 0 0 0 0 0 0 0 0 0 0 0 0 0 0 0 0 0 0 0 0 0 0 0 0 0 0 0 0 0 0 0 0 0 0 0 0 0 0 0 0 0 0 0 0 0 0 0 0 0 	# -0.579316 -0.002907 -0.006033 0.004906 0.037336 -0.037450 -0.002284 0.003070 0.330163 1.288305 
119		0.400000	0	4	0.782461		0 0 0 0 0 0 1 1 0 1 0 0 0 3 1 0 0 1 0 0 0 0 0 1 1 0 0 0 0 0 0 0 1 0 0 0 4 1 0 1 0 1 0 0 0 1 0 0 0 1 	# -17.593161 -0.013608 -0.241965 -0.108335 1.472404 -0.089905 -0.030855 -0.102111 -0.202014 -0.708836 
120		0.040000	0	1	0.197949		0 0 0 0 0 0 0 0 0 0 0 0 1 0 0 0 0 0 0 0 0 0 0 0 0 0 0 0 0 0 0 0 0 0 0 0 0 0 0 0 0 0 0 0 0 0 1 0 0 0 	# -0.628577 -0.003518 -0.006672 0.005004 0.039360 -0.048205 -0.002343 0.003001 0.432059 1.389030 
121		0.500000	0	4	0.839096		0 0 0 2 0 0 0 0 1 2 0 0 0 0 1 1 0 0 1 0 1 1 0 4 0 0 0 1 0 0 1 0 0 0 0 2 0 0 2 0 0 1 0 1 2 0 0 0 0 1 	# -17.651198 -0.019202 -0.239929 -0.108395 1.478606 -0.096006 -0.035545 -0.101694 -0.119469 -0.632149 
122		0.000000	0	0	0.000000		0 0 0 0 0 0 0 0 0 0 0 0 0 0 0 0 0 0 0 0 0 0 0 0 0 0 0 0 0 0 0 0 0 0 0 0 0 0 0 0 0 0 0 0 0 0 0 0 0 0 	# -0.579316 -0.002907 -0.006033 0.004906 0.037336 -0.037450 -0.002284 0.003070 0.330163 1.288305 
123		0.360000	0	2	0.525279		0 0 0 0 0 0 1 0 0 1 0 0 1 0 0 0 0 1 1 0 0 0 1 2 1 1 0 1 0 1 0 1 0 0 1 0 1 0 1 0 0 0 0 0 0 0 1 0 0 1 	# -17.593161 -0.013608 -0.241965 -0.108335 1.472404 -0.089905 -0.030855 -0.102111 -0.202014 -0.708836 
124		0.000000	0	0	0.000000		0 0 0 0 0 0 0 0 0 0 0 0 0 0 0 0 0 0 0 0 0 0 0 0 0 0 0 0 0 0 0 0 0 0 0 0 0 0 0 0 0 0 0 0 0 0 0 0 0 0 	# -0.628577 -0.003518 -0.006672 0.005004 0.039360 -0.048205 -0.002343 0.003001 0.432059 1.389030 
125		0.520000	0	3	0.838852		1 0 1 2 1 0 0 0 0 0 2 0 0 0 0 0 0 1 1 0 0 0 0 0 0 0 0 0 2 0 3 3 0 1 0 1 0 1 2 2 0 0 1 0 0 0 1 0 0 0 	# -17.651198 -0.019202 -0.239929 -0.108395 1.478606 -0.096006 -0.035545 -0.101694 -0.119469 -0.632149 
126		0.080000	0	4	0.565685		0 0 0 0 0 0 0 0 0 0 0 0 0 0 0 0 0 0 4 0 0 0 0 0 0 0 0 0 0 0 0 0 0 0 0 0 0 0 0 0 0 0 0 0 0 0 0 0 0 0 	# -0.579316 -0.002907 -0.006033 0.004906 0.037336 -0.037450 -0.002284 0.003070 0.330163 1.288305 
127		0.320000	0	3	0.712569		0 0 1 0 1 0 0 0 0 0 0 0 1 1 0 0 0 0 0 2 0 3 0 0 1 0 0 0 1 0 0 0 0 0 0 0 3 0 0 0 1 0 0 0 0 0 0 0 0 1 	# -17.593161 -0.013608 -0.241965 -0.108335 1.472404 -0.089905 -0.030855 -0.102111 -0.202014 -0.708836 
128		0.000000	0	0	0.000000		0 0 0 0 0 0 0 0 0 0 0 0 0 0 0 0 0 0 0 0 0 0 0 0 0 0 0 0 0 0 0 0 0 0 0 0 0 0 0 0 0 0 0 0 0 0 0 0 0 0 	# -0.628577 -0.003518 -0.006672 0.005004 0.039360 -0.048205 -0.002343 0.003001 0.432059 1.389030 
129		0.440000	0	3	0.674915		1 1 0 0 1 0 1 0 0 1 0 0 0 0 0 0 0 0 0 0 0 3 1 0 1 2 0 0 0 0 1 0 0 0 0 1 0 1 0 1 0 0 0 2 0 1 1 1 0 1 	# -17.651198 -0.019202 -0.239929 -0.108395 1.478606 -0.096006 -0.035545 -0.101694 -0.119469 -0.632149 
130		0.000000	0	0	0.000000		0 0 0 0 0 0 0 0 0 0 0 0 0 0 0 0 0 0 0 0 0 0 0 0 0 0 0 0 0 0 0 0 0 0 0 0 0 0 0 0 0 0 0 0 0 0 0 0 0 0 	# -0.579316 -0.002907 -0.006033 0.004906 0.037336 -0.037450 -0.002284 0.003070 0.330163 1.288305 
131		0.380000	0	3	0.752953		0 0 0 0 3 0 1 0 2 0 0 0 0 0 0 0 0 0 0 0 0 1 0 0 2 0 0 0 0 0 1 0 2 1 2 2 0 0 0 0 0 0 1 0 0 0 1 0 0 0 	# -17.593161 -0.013608 -0.241965 -0.108335 1.472404 -0.089905 -0.030855 -0.102111 -0.202014 -0.708836 
132		0.040000	0	1	0.197949		0 0 0 0 0 0 0 0 0 0 0 0 0 1 0 0 0 0 0 0 0 0 0 0 0 0 0 0 0 0 0 1 0 0 0 0 0 0 0 0 0 0 0 0 0 0 0 0 0 0 	# -0.628577 -0.003518 -0.006672 0.005004 0.039360 -0.048205 -0.002343 0.003001 0.432059 1.389030 
133		0.340000	0	3	0.658074		0 0 0 1 1 0 0 0 1 0 0 0 1 0 3 0 0 0 0 0 0 0 0 1 1 0 2 1 1 0 0 0 1 0 0 0 0 0 0 0 0 0 1 2 0 0 0 0 0 0 	# -17.651198 -0.019202 -0.239929 -0.108395 1.478606 -0.096006 -0.035545 -0.101694 -0.119469 -0.632149 
134		0.020000	0	1	0.141421		1 0 0 0 0 0 0 0 0 0 0 0 0 0 0 0 0 0 0 0 0 0 0 0 0 0 0 0 0 0 0 0 0 0 0 0 0 0 0 0 0 0 0 0 0 0 0 0 0 0 	# -0.579316 -0.002907 -0.006033 0.004906 0.037336 -0.037450 -0.002284 0.003070 0.330163 1.288305 
135		0.500000	0	2	0.735402		0 2 1 0 1 0 0 0 0 0 0 0 0 0 0 0 0 2 1 2 0 1 0 1 0 0 0 0 1 0 2 0 0 0 0 0 1 0 0 0 1 0 1 0 2 2 0 1 1 2 	# -17.593161 -0.013608 -0.241965 -0.108335 1.472404 -0.089905 -0.030855 -0.102111 -0.202014 -0.708836 
136		0.020000	0	1	0.141421		0 0 0 1 0 0 0 0 0 0 0 0 0 0 0 0 0 0 0 0 0 0 0 0 0 0 0 0 0 0 0 0 0 0 0 0 0 0 0 0 0 0 0 0 0 0 0 0 0 0 	# -0.628577 -0.003518 -0.006672 0.005004 0.039360 -0.048205 -0.002343 0.003001 0.432059 1.389030 
137		0.380000	0	3	0.752953		0 0 0 0 0 0 0 1 0 2 0 0 0 2 0 0 0 1 0 0 0 0 2 0 2 0 0 0 0 0 0 0 0 1 0 3 0 1 1 0 0 0 0 0 0 2 0 0 0 1 	# -17.651198 -0.019202 -0.239929 -0.108395 1.478606 -0.096006 -0.035545 -0.101694 -0.119469 -0.632149 
138		0.000000	0	0	0.000000		0 0 0 0 0 0 0 0 0 0 0 0 0 0 0 0 0 0 0 0 0 0 0 0 0 0 0 0 0 0 0 0 0 0 0 0 0 0 0 0 0 0 0 0 0 0 0 0 0 0 	# -0.579316 -0.002907 -0.006033 0.004906 0.037336 -0.037450 -0.002284 0.003070 0.330163 1.288305 
139		0.160000	0	2	0.421852		0 0 0 0 0 0 1 0 0 0 0 0 0 0 1 0 0 0 0 1 0 2 0 0 0 0 0 0 0 0 0 0 0 1 0 0 0 0 0 0 0 1 0 0 0 0 1 0 0 0 	# -17.593161 -0.013608 -0.241965 -0.108335 1.472404 -0.089905 -0.030855 -0.102111 -0.202014 -0.708836 
140		0.040000	0	1	0.197949		0 0 0 0 0 0 1 0 0 0 0 0 0 0 0 0 0 0 0 0 0 0 0 0 0 0 0 0 0 0 0 0 0 0 0 0 0 0 0 0 0 1 0 0 0 0 0 0 0 0 	# -0.628577 -0.003518 -0.006672 0.005004 0.039360 -0.048205 -0.002343 0.003001 0.432059 1.389030 
141		0.400000	0	3	0.728431		0 0 0 3 1 0 0 0 1 0 1 1 0 0 0 1 0 2 1 0 0 0 0 0 1 2 1 0 0 2 0 0 0 0 2 0 0 0 1 0 0 0 0 0 0 0 0 0 0 0 	# -17.651198 -0.019202 -0.239929 -0.108395 1.478606 -0.096006 -0.035545 -0.101694 -0.119469 -0.632149 
142		0.080000	0	2	0.340468		0 0 0 0 0 0 0 0 0 0 0 2 0 0 0 0 0 0 0 0 0 0 0 0 0 0 0 0 0 0 0 0 0 0 0 1 0 0 0 0 0 1 0 0 0 0 0 0 0 0 	# -0.579316 -0.002907 -0.006033 0.004906 0.037336 -0.037450 -0.002284 0.003070 0.330163 1.288305 
143		0.220000	0	1	0.418452		0 1 0 1 0 0 0 0 0 0 1 0 0 0 0 1 0 0 0 0 0 0 0 0 1 0 0 1 0 0 0 0 0 1 0 1 1 0 1 0 0 0 0 0 0 1 0 0 0 0 	# -17.593161 -0.013608 -0.241965 -0.108335 1.472404 -0.089905 -0.030855 -0.102111 -0.202014 -0.708836 
144		0.000000	0	0	0.000000		0 0 0 0 0 0 0 0 0 0 0 0 0 0 0 0 0 0 0 0 0 0 0 0 0 0 0 0 0 0 0 0 0 0 0 0 0 0 0 0 0 0 0 0 0 0 0 0 0 0 	# -0.628577 -0.003518 -0.006672 0.005004 0.039360 -0.048205 -0.002343 0.003001 0.432059 1.389030 
145		0.340000	0	5	0.960655		0 0 0 0 0 0 0 0 0 0 0 0 0 0 0 0 0 2 0 1 0 0 2 2 5 0 0 0 0 0 0 0 0 0 0 0 0 0 0 3 0 0 0 0 0 2 0 0 0 0 	# -17.651198 -0.019202 -0.239929 -0.108395 1.478606 -0.096006 -0.035545 -0.101694 -0.119469 -0.632149 
146		0.000000	0	0	0.000000		0 0 0 0 0 0 0 0 0 0 0 0 0 0 0 0 0 0 0 0 0 0 0 0 0 0 0 0 0 0 0 0 0 0 0 0 0 0 0 0 0 0 0 0 0 0 0 0 0 0 	# -0.579316 -0.002907 -0.006033 0.004906 0.037336 -0.037450 -0.002284 0.003070 0.330163 1.288305 
147		0.360000	0	2	0.562792		1 0 0 0 0 1 0 0 1 1 1 1 0 1 0 0 0 0 0 1 1 0 0 0 2 0 0 1 0 0 0 0 0 0 0 0 0 1 1 0 0 0 0 0 0 2 1 0 0 1 	# -17.593161 -0.013608 -0.241965 -0.108335 1.472404 -0.089905 -0.030855 -0.102111 -0.202014 -0.708836 
148		0.020000	0	1	0.141421		0 0 0 0 0 0 0 0 0 0 0 0 0 0 0 0 0 0 0 0 0 0 0 0 0 0 0 1 0 0 0 0 0 0 0 0 0 0 0 0 0 0 0 0 0 0 0 0 0 0 	# -0.628577 -0.003518 -0.006672 0.005004 0.039360 -0.048205 -0.002343 0.003001 0.432059 1.389030 
149		0.440000	0	4	0.732900		0 0 0 2 0 1 1 1 0 1 1 0 1 4 0 0 1 0 0 0 0 1 0 0 0 0 0 1 1 0 0 0 1 0 1 0 0 1 0 0 0 1 0 0 0 0 1 0 0 1 	# -17.651198 -0.019202 -0.239929 -0.108395 1.478606 -0.096006 -0.035545 -0.101694 -0.119469 -0.632149 
150		0.000000	0	0	0.000000		0 0 0 0 0 0 0 0 0 0 0 0 0 0 0 0 0 0 0 0 0 0 0 0 0 0 0 0 0 0 0 0 0 0 0 0 0 0 0 0 0 0 0 0 0 0 0 0 0 0 	# -0.579316 -0.002907 -0.006033 0.004906 0.037336 -0.037450 -0.002284 0.003070 0.330163 1.288305 
151		0.460000	0	4	0.862128		0 0 0 0 0 1 0 0 0 1 0 0 1 0 0 1 0 0 0 0 0 4 1 2 0 0 1 0 2 0 0 0 0 0 0 0 0 0 0 0 0 2 1 1 1 1 3 0 0 0 	# -17.593161 -0.013608 -0.241965 -0.108335 1.472404 -0.089905 -0.030855 -0.102111 -0.202014 -0.708836 
152		0.000000	0	0	0.000000		0 0 0 0 0 0 0 0 0 0 0 0 0 0 0 0 0 0 0 0 0 0 0 0 0 0 0 0 0 0 0 0 0 0 0 0 0 0 0 0 0 0 0 0 0 0 0 0 0 0 	# -0.628577 -0.003518 -0.006672 0.005004 0.039360 -0.048205 -0.002343 0.003001 0.432059 1.389030 
153		0.260000	0	2	0.564602		0 0 0 0 0 0 0 0 1 1 0 0 0 0 0 2 1 0 0 0 0 1 0 0 0 0 0 0 1 0 0 1 0 0 0 0 0 0 0 0 0 2 0 2 1 0 0 0 0 0 	# -17.651198 -0.019202 -0.239929 -0.108395 1.478606 -0.096006 -0.035545 -0.101694 -0.119469 -0.632149 
154		0.040000	0	1	0.197949		0 0 0 0 1 0 0 0 0 0 1 0 0 0 0 0 0 0 0 0 0 0 0 0 0 0 0 0 0 0 0 0 0 0 0 0 0 0 0 0 0 0 0 0 0 0 0 0 0 0 	# -0.579316 -0.002907 -0.006033 0.004906 0.037336 -0.037450 -0.002284 0.003070 0.330163 1.288305 
155		0.440000	0	4	0.836904		0 1 0 0 0 0 0 0 0 0 0 0 2 0 2 0 0 0 0 0 0 0 0 0 0 0 0 0 0 1 1 1 2 0 0 0 1 0 0 2 0 1 0 2 1 0 0 4 0 1 	# -17.593161 -0.013608 -0.241965 -0.108335 1.472404 -0.089905 -0.030855 -0.102111 -0.202014 -0.708836 
156		0.000000	0	0	0.000000		0 0 0 0 0 0 0 0 0 0 0 0 0 0 0 0 0 0 0 0 0 0 0 0 0 0 0 0 0 0 0 0 0 0 0 0 0 0 0 0 0 0 0 0 0 0 0 0 0 0 	# -0.628577 -0.003518 -0.006672 0.005004 0.039360 -0.048205 -0.002343 0.003001 0.432059 1.389030 
157		0.300000	0	3	0.614452		0 0 0 0 0 0 0 1 0 0 1 0 0 2 0 1 0 0 1 0 0 0 0 0 0 0 0 0 0 1 0 0 0 0 0 1 0 0 0 1 1 0 0 3 0 0 0 1 1 0 	# -17.651198 -0.019202 -0.239929 -0.108395 1.478606 -0.096006 -0.035545 -0.101694 -0.119469 -0.632149 
158		0.040000	0	1	0.197949		0 0 0 0 0 0 0 0 0 0 0 0 0 0 0 0 0 0 0 0 0 0 0 0 0 0 0 0 0 0 0 1 0 0 0 0 0 0 0 0 0 0 0 1 0 0 0 0 0 0 	# -0.579316 -0.002907 -0.006033 0.004906 0.037336 -0.037450 -0.002284 0.003070 0.330163 1.288305 
159		0.380000	0	2	0.666701		0 0 1 0 0 2 0 0 1 0 0 2 0 0 2 0 2 0 0 1 0 0 0 0 0 1 0 1 1 1 0 2 0 0 0 1 0 0 0 0 0 0 0 0 1 0 0 0 0 0 	# -17.593161 -0.013608 -0.241965 -0.108335 1.472404 -0.089905 -0.030855 -0.102111 -0.202014 -0.708836 
160		0.020000	0	1	0.141421		0 0 0 0 0 0 0 0 0 0 0 0 0 0 0 0 0 0 0 0 0 0 0 0 0 0 0 0 0 0 0 0 0 0 0 0 0 0 0 0 0 0 0 0 1 0 0 0 0 0 	# -0.628577 -0.003518 -0.006672 0.005004 0.039360 -0.048205 -0.002343 0.003001 0.432059 1.389030 
161		0.320000	0	3	0.740656		0 0 0 2 0 0 0 0 0 0 0 0 0 1 0 0 0 0 0 0 0 0 0 0 0 3 0 0 0 0 0 0 0 0 1 0 2 0 0 0 0 1 0 0 1 0 3 1 0 1 	# -17.651198 -0.019202 -0.239929 -0.108395 1.478606 -0.096006 -0.035545 -0.101694 -0.119469 -0.632149 
162		0.040000	0	2	0.282843		0 0 0 0 0 0 0 0 0 0 0 0 0 0 2 0 0 0 0 0 0 0 0 0 0 0 0 0 0 0 0 0 0 0 0 0 0 0 0 0 0 0 0 0 0 0 0 0 0 0 	# -0.579316 -0.002907 -0.006033 0.004906 0.037336 -0.037450 -0.002284 0.003070 0.330163 1.288305 
163		0.500000	0	3	0.788954		3 1 1 0 0 1 0 0 0 0 0 1 1 1 0 1 1 0 0 0 0 0 0 0 0 0 0 0 2 0 2 1 1 0 2 0 1 0 0 1 0 0 0 0 0 3 0 0 0 1 	# -17.593161 -0.013608 -0.241965 -0.108335 1.472404 -0.089905 -0.030855 -0.102111 -0.202014 -0.708836 
164		0.000000	0	0	0.000000		0 0 0 0 0 0 0 0 0 0 0 0 0 0 0 0 0 0 0 0 0 0 0 0 0 0 0 0 0 0 0 0 0 0 0 0 0 0 0 0 0 0 0 0 0 0 0 0 0 0 	# -0.628577 -0.003518 -0.006672 0.005004 0.039360 -0.048205 -0.002343 0.003001 0.432059 1.389030 
165		0.340000	0	5	0.871546		0 0 0 0 0 1 0 0 0 1 0 1 0 1 0 0 0 0 0 1 5 1 0 0 0 0 0 1 0 1 0 0 0 0 0 0 3 0 0 0 0 0 0 1 0 0 0 0 0 0 	# -17.651198 -0.019202 -0.239929 -0.108395 1.478606 -0.096006 -0.035545 -0.101694 -0.119469 -0.632149 
166		0.020000	0	1	0.141421		0 0 0 0 0 0 0 0 0 0 0 0 0 0 1 0 0 0 0 0 0 0 0 0 0 0 0 0 0 0 0 0 0 0 0 0 0 0 0 0 0 0 0 0 0 0 0 0 0 0 	# -0.579316 -0.002907 -0.006033 0.004906 0.037336 -0.037450 -0.002284 0.003070 0.330163 1.288305 
167		0.460000	0	3	0.761577		2 0 2 0 0 0 1 2 1 0 0 0 0 0 0 0 1 0 0 0 0 0 1 0 3 1 2 0 0 1 1 0 2 0 0 0 0 0 0 0 0 0 0 1 0 0 0 1 1 0 	# -17.593161 -0.013608 -0.241965 -0.108335 1.472404 -0.089905 -0.030855 -0.102111 -0.202014 -0.708836 
168		0.000000	0	0	0.000000		0 0 0 0 0 0 0 0 0 0 0 0 0 0 0 0 0 0 0 0 0 0 0 0 0 0 0 0 0 0 0 0 0 0 0 0 0 0 0 0 0 0 0 0 0 0 0 0 0 0 	# -0.628577 -0.003518 -0.006672 0.005004 0.039360 -0.048205 -0.002343 0.003001 0.432059 1.389030 
169		0.300000	0	2	0.543984		1 0 0 1 0 0 0 0 1 0 0 0 2 0 0 0 0 0 1 0 0 0 0 0 1 0 1 1 0 0 2 0 0 1 0 0 0 1 0 0 1 0 0 0 0 0 0 1 0 0 	# -17.651198 -0.019202 -0.239929 -0.108395 1.478606 -0.096006 -0.035545 -0.101694 -0.119469 -0.632149 
170		0.040000	0	2	0.282843		0 0 0 0 0 0 0 0 0 0 0 0 0 0 2 0 0 0 0 0 0 0 0 0 0 0 0 0 0 0 0 0 0 0 0 0 0 0 0 0 0 0 0 0 0 0 0 0 0 0 	# -0.579316 -0.002907 -0.006033 0.004906 0.037336 -0.037450 -0.002284 0.003070 0.330163 1.288305 
171		0.360000	0	5	0.875051		0 0 0 1 0 1 0 0 0 1 0 0 0 0 0 0 3 0 0 0 0 0 0 1 5 0 1 0 0 1 0 0 0 0 1 0 0 1 0 1 0 0 0 0 0 1 0 0 0 0 	# -17.593161 -0.013608 -0.241965 -0.108335 1.472404 -0.089905 -0.030855 -0.102111 -0.202014 -0.708836 
172		0.000000	0	0	0.000000		0 0 0 0 0 0 0 0 0 0 0 0 0 0 0 0 0 0 0 0 0 0 0 0 0 0 0 0 0 0 0 0 0 0 0 0 0 0 0 0 0 0 0 0 0 0 0 0 0 0 	# -0.628577 -0.003518 -0.006672 0.005004 0.039360 -0.048205 -0.002343 0.003001 0.432059 1.389030 
173		0.260000	0	2	0.527218		0 1 0 0 1 1 1 0 0 0 0 0 0 0 0 0 0 0 1 0 0 0 0 0 1 0 1 0 0 0 0 0 1 0 0 2 0 1 0 2 0 0 0 0 0 0 0 0 0 0 	# -17.651198 -0.019202 -0.239929 -0.108395 1.478606 -0.096006 -0.035545 -0.101694 -0.119469 -0.632149 
174		0.060000	0	1	0.239898		0 0 0 0 0 1 1 0 0 0 0 0 0 0 0 0 0 0 0 0 0 0 0 0 0 0 0 0 0 0 0 0 0 0 0 0 0 0 0 0 0 0 1 0 0 0 0 0 0 0 	# -0.579316 -0.002907 -0.006033 0.004906 0.037336 -0.037450 -0.002284 0.003070 0.330163 1.288305 
175		0.260000	0	3	0.632778		1 0 0 0 2 3 0 0 0 0 0 0 0 1 0 0 0 1 0 0 0 0 0 0 1 0 0 0 0 0 0 0 0 0 0 0 2 0 1 0 0 0 0 0 0 0 0 1 0 0 	# -17.593161 -0.013608 -0.241965 -0.108335 1.472404 -0.089905 -0.030855 -0.102111 -0.202014 -0.708836 
176		0.000000	0	0	0.000000		0 0 0 0 0 0 0 0 0 0 0 0 0 0 0 0 0 0 0 0 0 0 0 0 0 0 0 0 0 0 0 0 0 0 0 0 0 0 0 0 0 0 0 0 0 0 0 0 0 0 	# -0.628577 -0.003518 -0.006672 0.005004 0.039360 -0.048205 -0.002343 0.003001 0.432059 1.389030 
177		0.200000	0	2	0.451754		0 0 0 0 1 0 0 0 0 0 0 0 0 0 0 0 0 0 0 0 1 0 0 0 0 1 0 2 0 1 1 0 0 0 1 0 0 0 0 0 0 0 0 1 1 0 0 0 0 0 	# -17.651198 -0.019202 -0.239929 -0.108395 1.478606 -0.096006 -0.035545 -0.101694 -0.119469 -0.632149 
178		0.000000	0	0	0.000000		0 0 0 0 0 0 0 0 0 0 0 0 0 0 0 0 0 0 0 0 0 0 0 0 0 0 0 0 0 0 0 0 0 0 0 0 0 0 0 0 0 0 0 0 0 0 0 0 0 0 	# -0.579316 -0.002907 -0.006033 0.004906 0.037336 -0.037450 -0.002284 0.003070 0.330163 1.288305 
179		0.240000	0	1	0.431419		1 0 0 0 0 0 0 1 1 1 0 0 0 0 0 0 0 1 0 0 1 1 0 0 0 0 0 0 0 1 0 0 0 1 1 0 0 0 0 0 0 0 0 1 0 0 0 0 1 0 	# -17.593161 -0.013608 -0.241965 -0.108335 1.472404 -0.089905 -0.030855 -0.102111 -0.202014 -0.708836 
180		0.060000	0	1	0.239898		0 0 0 0 0 1 0 1 0 0 1 0 0 0 0 0 0 0 0 0 0 0 0 0 0 0 0 0 0 0 0 0 0 0 0 0 0 0 0 0 0 0 0 0 0 0 0 0 0 0 	# -0.628577 -0.003518 -0.006672 0.005004 0.039360 -0.048205 -0.002343 0.003001 0.432059 1.389030 
181		0.340000	0	2	0.626295		0 0 0 1 0 1 0 0 0 0 0 0 0 0 0 1 0 0 1 0 0 0 2 0 1 0 0 0 0 1 1 1 0 0 0 0 2 2 0 2 0 0 1 0 0 0 0 0 0 0 	# -17.651198 -0.019202 -0.239929 -0.108395 1.478606 -0.096006 -0.035545 -0.101694 -0.119469 -0.632149 
182		0.040000	0	2	0.282843		0 0 0 0 0 0 0 0 0 0 0 0 0 0 0 0 0 0 0 0 0 0 0 0 0 0 0 0 0 0 0 0 0 0 2 0 0 0 0 0 0 0 0 0 0 0 0 0 0 0 	# -0.579316 -0.002907 -0.006033 0.004906 0.037336 -0.037450 -0.002284 0.003070 0.330163 1.288305 
183		0.300000	0	3	0.614452		1 0 1 1 1 0 1 0 0 2 0 0 0 1 1 0 0 1 0 0 0 0 0 0 0 0 0 0 1 0 0 0 0 0 0 0 0 0 0 0 0 0 0 0 0 0 0 3 1 0 	# -17.593161 -0.013608 -0.241965 -0.108335 1.472404 -0.089905 -0.030855 -0.102111 -0.202014 -0.708836 
184		0.020000	0	1	0.141421		0 0 0 0 0 0 0 0 0 0 0 0 0 0 0 0 0 0 0 0 0 0 0 0 0 0 1 0 0 0 0 0 0 0 0 0 0 0 0 0 0 0 0 0 0 0 0 0 0 0 	# -0.628577 -0.003518 -0.006672 0.005004 0.039360 -0.048205 -0.002343 0.003001 0.432059 1.389030 
185		0.380000	0	3	0.696639		2 0 3 0 0 0 1 0 0 0 0 0 0 0 0 0 0 0 0 0 0 1 0 0 0 0 0 0 0 0 1 1 1 0 0 1 0 1 0 1 0 0 0 0 2 0 2 1 1 0 	# -17.651198 -0.019202 -0.239929 -0.108395 1.478606 -0.096006 -0.035545 -0.101694 -0.119469 -0.632149 
186		0.040000	0	2	0.282843		0 0 0 0 0 0 0 0 0 0 0 0 0 0 0 0 0 0 0 0 0 0 0 0 2 0 0 0 0 0 0 0 0 0 0 0 0 0 0 0 0 0 0 0 0 0 0 0 0 0 	# -0.579316 -0.002907 -0.006033 0.004906 0.037336 -0.037450 -0.002284 0.003070 0.330163 1.288305 
187		0.320000	0	2	0.551066		0 0 0 1 0 2 0 0 0 0 0 0 0 1 0 1 1 0 0 0 0 0 0 0 0 0 0 1 0 0 0 0 0 1 1 0 0 0 0 1 0 0 0 0 1 0 1 1 2 1 	# -17.593161 -0.013608 -0.241965 -0.108335 1.472404 -0.089905 -0.030855 -0.102111 -0.202014 -0.708836 
188		0.060000	0	2	0.313636		0 1 0 0 0 0 0 0 0 0 0 0 0 0 0 0 0 0 0 0 0 0 0 0 0 0 0 0 0 0 0 0 0 0 0 2 0 0 0 0 0 0 0 0 0 0 0 0 0 0 	# -0.628577 -0.003518 -0.006672 0.005004 0.039360 -0.048205 -0.002343 0.003001 0.432059 1.389030 
189		0.360000	0	3	0.692820		2 0 0 0 0 0 0 0 0 0 0 0 2 0 0 2 0 0 0 0 0 0 0 1 0 0 0 1 0 3 1 0 0 0 0 0 0 1 0 0 1 1 0 0 1 0 1 0 1 0 	# -17.651198 -0.019202 -0.239929 -0.108395 1.478606 -0.096006 -0.035545 -0.101694 -0.119469 -0.632149 
190		0.000000	0	0	0.000000		0 0 0 0 0 0 0 0 0 0 0 0 0 0 0 0 0 0 0 0 0 0 0 0 0 0 0 0 0 0 0 0 0 0 0 0 0 0 0 0 0 0 0 0 0 0 0 0 0 0 	# -0.579316 -0.002907 -0.006033 0.004906 0.037336 -0.037450 -0.002284 0.003070 0.330163 1.288305 
191		0.340000	0	2	0.557326		1 0 1 0 0 1 0 0 0 0 0 0 0 1 0 0 1 0 0 0 1 0 0 0 2 1 0 0 0 0 2 1 1 0 1 0 0 0 0 1 0 1 1 0 0 0 0 0 0 0 	# -17.593161 -0.013608 -0.241965 -0.108335 1.472404 -0.089905 -0.030855 -0.102111 -0.202014 -0.708836 
192		0.060000	0	2	0.313636		0 0 0 0 0 0 0 0 0 0 0 0 0 0 0 0 0 0 0 0 0 0 0 0 2 1 0 0 0 0 0 0 0 0 0 0 0 0 0 0 0 0 0 0 0 0 0 0 0 0 	# -0.628577 -0.003518 -0.006672 0.005004 0.039360 -0.048205 -0.002343 0.003001 0.432059 1.389030 
193		0.340000	0	2	0.592814		0 0 0 0 0 1 2 1 0 1 0 0 0 0 1 1 1 0 0 0 0 0 0 0 0 0 0 0 0 2 0 0 0 0 0 1 0 2 1 0 0 0 0 1 0 0 0 1 0 1 	# -17.651198 -0.019202 -0.239929 -0.108395 1.478606 -0.096006 -0.035545 -0.101694 -0.119469 -0.632149 
194		0.000000	0	0	0.000000		0 0 0 0 0 0 0 0 0 0 0 0 0 0 0 0 0 0 0 0 0 0 0 0 0 0 0 0 0 0 0 0 0 0 0 0 0 0 0 0 0 0 0 0 0 0 0 0 0 0 	# -0.579316 -0.002907 -0.006033 0.004906 0.037336 -0.037450 -0.002284 0.003070 0.330163 1.288305 
195		0.280000	0	3	0.671277		0 1 0 0 1 0 0 0 0 0 0 0 0 0 0 0 1 0 2 0 0 0 0 0 0 0 0 0 1 0 1 0 0 0 0 0 2 0 2 0 0 0 0 0 3 0 0 0 0 0 	# -17.593161 -0.013608 -0.241965 -0.108335 1.472404 -0.089905 -0.030855 -0.102111 -0.202014 -0.708836 
196		0.040000	0	1	0.197949		0 0 0 0 0 0 0 0 0 0 0 0 0 0 0 0 0 0 0 0 0 0 0 0 0 0 0 0 0 0 0 0 0 0 0 0 0 1 0 0 0 0 0 0 1 0 0 0 0 0 	# -0.628577 -0.003518 -0.006672 0.005004 0.039360 -0.048205 -0.002343 0.003001 0.432059 1.389030 
197		0.440000	0	3	0.812153		0 0 0 3 0 0 1 0 0 1 1 1 0 1 0 0 0 0 0 0 0 0 0 0 0 0 1 0 0 0 0 1 1 1 1 0 2 3 0 0 0 0 0 0 0 3 0 0 0 1 	# -17.651198 -0.019202 -0.239929 -0.108395 1.478606 -0.096006 -0.035545 -0.101694 -0.119469 -0.632149 
198		0.020000	0	1	0.141421		0 0 0 0 0 0 0 1 0 0 0 0 0 0 0 0 0 0 0 0 0 0 0 0 0 0 0 0 0 0 0 0 0 0 0 0 0 0 0 0 0 0 0 0 0 0 0 0 0 0 	# -0.579316 -0.002907 -0.006033 0.004906 0.037336 -0.037450 -0.002284 0.003070 0.330163 1.288305 
199		0.520000	0	3	0.862838		0 0 0 1 0 3 0 1 1 0 0 0 1 0 0 0 0 0 2 0 0 0 0 1 0 0 0 1 2 0 0 3 0 0 1 0 0 1 0 2 0 3 0 1 1 1 0 0 0 0 	# -17.593161 -0.013608 -0.241965 -0.108335 1.472404 -0.089905 -0.030855 -0.102111 -0.202014 -0.708836 
200		0.040000	0	2	0.282843		0 0 0 0 0 0 0 0 0 0 0 0 0 0 0 0 0 0 0 0 0 0 0 2 0 0 0 0 0 0 0 0 0 0 0 0 0 0 0 0 0 0 0 0 0 0 0 0 0 0 	# -0.628577 -0.003518 -0.006672 0.005004 0.039360 -0.048205 -0.002343 0.003001 0.432059 1.389030 
201		0.300000	0	2	0.505076		0 0 0 1 0 0 0 0 0 0 0 0 1 0 0 0 1 1 1 0 2 0 0 1 0 0 0 1 0 0 0 0 1 1 0 1 0 1 0 0 1 0 0 0 0 0 0 0 1 0 	# -17.651198 -0.019202 -0.239929 -0.108395 1.478606 -0.096006 -0.035545 -0.101694 -0.119469 -0.632149 
202		0.000000	0	0	0.000000		0 0 0 0 0 0 0 0 0 0 0 0 0 0 0 0 0 0 0 0 0 0 0 0 0 0 0 0 0 0 0 0 0 0 0 0 0 0 0 0 0 0 0 0 0 0 0 0 0 0 	# -0.579316 -0.002907 -0.006033 0.004906 0.037336 -0.037450 -0.002284 0.003070 0.330163 1.288305 
203		0.380000	0	3	0.696639		0 1 0 0 0 0 0 0 2 0 0 1 0 0 2 0 0 0 0 0 1 1 0 1 0 0 1 0 1 0 1 0 1 0 0 0 0 1 2 0 0 0 3 0 0 0 0 0 0 0 	# -17.593161 -0.013608 -0.241965 -0.108335 1.472404 -0.089905 -0.030855 -0.102111 -0.202014 -0.708836 
204		0.000000	0	0	0.000000		0 0 0 0 0 0 0 0 0 0 0 0 0 0 0 0 0 0 0 0 0 0 0 0 0 0 0 0 0 0 0 0 0 0 0 0 0 0 0 0 0 0 0 0 0 0 0 0 0 0 	# -0.628577 -0.003518 -0.006672 0.005004 0.039360 -0.048205 -0.002343 0.003001 0.432059 1.389030 
205		0.300000	0	4	0.788954		2 0 0 1 0 0 0 0 0 0 0 0 4 1 0 0 0 0 0 0 0 0 0 3 0 0 0 0 1 0 0 1 0 0 1 0 0 0 0 0 0 1 0 0 0 0 0 0 0 0 	# -17.651198 -0.019202 -0.239929 -0.108395 1.478606 -0.096006 -0.035545 -0.101694 -0.119469 -0.632149 
206		0.020000	0	1	0.141421		0 0 0 0 0 0 0 0 0 0 0 0 0 0 0 0 0 0 0 0 0 0 0 0 0 0 0 0 1 0 0 0 0 0 0 0 0 0 0 0 0 0 0 0 0 0 0 0 0 0 	# -0.579316 -0.002907 -0.006033 0.004906 0.037336 -0.037450 -0.002284 0.003070 0.330163 1.288305 
207		0.300000	0	3	0.707107		3 0 0 0 0 0 0 0 0 0 0 0 0 0 0 1 0 2 0 0 0 0 0 0 0 0 0 0 0 0 1 1 0 0 0 0 0 0 0 0 0 1 1 1 0 1 0 0 0 3 	# -17.593161 -0.013608 -0.241965 -0.108335 1.472404 -0.089905 -0.030855 -0.102111 -0.202014 -0.708836 
208		0.060000	0	1	0.239898		0 0 0 0 0 0 0 0 0 0 0 0 1 0 0 0 0 0 0 0 0 0 0 0 0 0 0 0 0 0 0 0 0 0 0 0 0 0 1 0 1 0 0 0 0 0 0 0 0 0 	# -0.628577 -0.003518 -0.006672 0.005004 0.039360 -0.048205 -0.002343 0.003001 0.432059 1.389030 
209		0.480000	0	4	0.838852		0 0 0 0 0 0 1 0 0 0 0 1 0 0 0 0 0 2 1 1 0 0 0 0 0 1 1 2 0 2 0 0 0 0 0 0 2 0 1 0 0 0 0 0 2 1 0 1 4 1 	# -17.651198 -0.019202 -0.239929 -0.108395 1.478606 -0.096006 -0.035545 -0.101694 -0.119469 -0.632149 
210		0.040000	0	2	0.282843		0 0 0 0 0 0 0 0 0 0 0 2 0 0 0 0 0 0 0 0 0 0 0 0 0 0 0 0 0 0 0 0 0 0 0 0 0 0 0 0 0 0 0 0 0 0 0 0 0 0 	# -0.579316 -0.002907 -0.006033 0.004906 0.037336 -0.037450 -0.002284 0.003070 0.330163 1.288305 
211		0.320000	0	2	0.620730		1 1 0 0 1 0 0 0 1 0 0 2 1 0 0 0 0 0 1 0 0 0 0 0 0 0 0 0 2 1 0 0 0 0 1 2 0 0 0 0 0 0 2 0 0 0 0 0 0 0 	# -17.593161 -0.013608 -0.241965 -0.108335 1.472404 -0.089905 -0.030855 -0.102111 -0.202014 -0.708836 
212		0.020000	0	1	0.141421		0 0 0 0 0 0 0 1 0 0 0 0 0 0 0 0 0 0 0 0 0 0 0 0 0 0 0 0 0 0 0 0 0 0 0 0 0 0 0 0 0 0 0 0 0 0 0 0 0 0 	# -0.628577 -0.003518 -0.006672 0.005004 0.039360 -0.048205 -0.002343 0.003001 0.432059 1.389030 
213		0.320000	0	2	0.551066		0 0 0 0 0 1 0 1 0 2 0 1 1 0 1 0 0 0 0 1 0 0 0 0 1 0 0 0 0 0 0 1 1 0 0 0 0 0 1 0 0 0 1 0 0 0 1 0 0 2 	# -17.651198 -0.019202 -0.239929 -0.108395 1.478606 -0.096006 -0.035545 -0.101694 -0.119469 -0.632149 
214		0.000000	0	0	0.000000		0 0 0 0 0 0 0 0 0 0 0 0 0 0 0 0 0 0 0 0 0 0 0 0 0 0 0 0 0 0 0 0 0 0 0 0 0 0 0 0 0 0 0 0 0 0 0 0 0 0 	# -0.579316 -0.002907 -0.006033 0.004906 0.037336 -0.037450 -0.002284 0.003070 0.330163 1.288305 
215		0.520000	0	5	1.014990		1 0 0 1 0 0 0 1 0 0 0 0 0 0 0 2 0 1 0 0 2 0 1 1 0 0 0 0 0 0 0 0 1 1 0 0 5 0 0 0 2 0 1 4 0 0 1 0 0 1 	# -17.593161 -0.013608 -0.241965 -0.108335 1.472404 -0.089905 -0.030855 -0.102111 -0.202014 -0.708836 
216		0.020000	0	1	0.141421		0 0 0 0 0 0 0 0 0 0 0 0 0 0 0 0 0 0 0 0 0 0 0 0 0 0 0 0 1 0 0 0 0 0 0 0 0 0 0 0 0 0 0 0 0 0 0 0 0 0 	# -0.628577 -0.003518 -0.006672 0.005004 0.039360 -0.048205 -0.002343 0.003001 0.432059 1.389030 
217		0.360000	0	2	0.562792		0 0 0 0 1 0 0 0 0 0 0 1 1 0 1 0 2 0 0 1 2 1 0 0 1 0 0 0 0 0 0 0 1 0 0 1 0 0 1 0 1 1 1 1 0 0 0 0 0 0 	# -17.651198 -0.019202 -0.239929 -0.108395 1.478606 -0.096006 -0.035545 -0.101694 -0.119469 -0.632149 
218		0.000000	0	0	0.000000		0 0 0 0 0 0 0 0 0 0 0 0 0 0 0 0 0 0 0 0 0 0 0 0 0 0 0 0 0 0 0 0 0 0 0 0 0 0 0 0 0 0 0 0 0 0 0 0 0 0 	# -0.579316 -0.002907 -0.006033 0.004906 0.037336 -0.037450 -0.002284 0.003070 0.330163 1.288305 
219		0.500000	0	4	0.839096		1 0 0 0 1 2 0 0 1 0 0 0 1 0 2 0 1 0 0 4 0 1 0 0 1 1 0 1 0 2 0 2 0 0 0 0 0 0 0 0 0 1 0 1 0 2 0 0 0 0 	# -17.593161 -0.013608 -0.241965 -0.108335 1.472404 -0.089905 -0.030855 -0.102111 -0.202014 -0.708836 
220		0.020000	0	1	0.141421		0 0 0 0 0 0 0 0 0 0 0 1 0 0 0 0 0 0 0 0 0 0 0 0 0 0 0 0 0 0 0 0 0 0 0 0 0 0 0 0 0 0 0 0 0 0 0 0 0 0 	# -0.628577 -0.003518 -0.006672 0.005004 0.039360 -0.048205 -0.002343 0.003001 0.432059 1.389030 
221		0.480000	0	3	0.862838		0 3 0 1 0 2 2 3 0 0 0 0 0 0 0 0 3 0 0 0 1 1 0 2 0 0 0 0 0 1 1 0 0 0 0 0 0 1 0 0 1 0 1 0 0 0 1 0 0 0 	# -17.651198 -0.019202 -0.239929 -0.108395 1.478606 -0.096006 -0.035545 -0.101694 -0.119469 -0.632149 
222		0.000000	0	0	0.000000		0 0 0 0 0 0 0 0 0 0 0 0 0 0 0 0 0 0 0 0 0 0 0 0 0 0 0 0 0 0 0 0 0 0 0 0 0 0 0 0 0 0 0 0 0 0 0 0 0 0 	# -0.579316 -0.002907 -0.006033 0.004906 0.037336 -0.037450 -0.002284 0.003070 0.330163 1.288305 
223		0.360000	0	2	0.562792		1 0 0 2 0 0 0 0 0 0 0 1 1 1 0 1 0 0 0 0 1 0 0 0 1 0 0 1 2 1 0 0 0 0 1 0 0 0 1 1 1 0 1 0 0 0 0 0 0 0 	# -17.593161 -0.013608 -0.241965 -0.108335 1.472404 -0.089905 -0.030855 -0.102111 -0.202014 -0.708836 
224		0.040000	0	2	0.282843		0 0 0 0 0 0 0 0 0 0 0 0 0 0 0 0 0 0 0 0 0 0 0 0 0 0 0 0 0 0 0 0 0 0 0 0 0 0 0 0 0 0 0 0 0 2 0 0 0 0 	# -0.628577 -0.003518 -0.006672 0.005004 0.039360 -0.048205 -0.002343 0.003001 0.432059 1.389030 
225		0.460000	0	4	0.761577		1 0 4 0 1 0 1 0 1 1 0 0 1 0 1 0 0 0 0 1 1 0 0 0 0 1 0 0 0 0 2 0 0 2 1 0 0 0 0 0 0 1 1 1 0 0 0 0 1 0 	# -17.651198 -0.019202 -0.239929 -0.108395 1.478606 -0.096006 -0.035545 -0.101694 -0.119469 -0.632149 
226		0.020000	0	1	0.141421		0 0 0 0 0 0 0 0 0 0 0 0 0 0 0 0 0 0 0 0 0 0 0 0 0 0 0 0 0 0 0 0 0 0 0 0 0 0 0 1 0 0 0 0 0 0 0 0 0 0 	# -0.579316 -0.002907 -0.006033 0.004906 0.037336 -0.037450 -0.002284 0.003070 0.330163 1.288305 
227		0.400000	0	3	0.755929		1 0 1 1 1 1 1 3 0 0 0 1 0 2 0 0 2 1 0 0 0 0 0 0 0 0 1 0 0 0 0 0 0 0 0 0 3 0 1 0 0 0 0 0 0 0 0 0 0 0 	# -17.593161 -0.013608 -0.241965 -0.108335 1.472404 -0.089905 -0.030855 -0.102111 -0.202014 -0.708836 
228		0.020000	0	1	0.141421		0 0 0 1 0 0 0 0 0 0 0 0 0 0 0 0 0 0 0 0 0 0 0 0 0 0 0 0 0 0 0 0 0 0 0 0 0 0 0 0 0 0 0 0 0 0 0 0 0 0 	# -0.628577 -0.003518 -0.006672 0.005004 0.039360 -0.048205 -0.002343 0.003001 0.432059 1.389030 
229		0.460000	0	4	0.813408		1 0 0 0 0 1 0 0 1 0 0 0 1 1 1 1 0 1 0 0 2 0 1 0 0 0 0 0 0 1 4 0 0 0 1 0 1 0 0 0 0 0 0 3 1 0 0 1 0 0 	# -17.651198 -0.019202 -0.239929 -0.108395 1.478606 -0.096006 -0.035545 -0.101694 -0.119469 -0.632149 
230		0.020000	0	1	0.141421		0 0 0 0 0 0 0 0 0 0 0 0 0 0 0 0 0 0 0 1 0 0 0 0 0 0 0 0 0 0 0 0 0 0 0 0 0 0 0 0 0 0 0 0 0 0 0 0 0 0 	# -0.579316 -0.002907 -0.006033 0.004906 0.037336 -0.037450 -0.002284 0.003070 0.330163 1.288305 
231		0.280000	0	3	0.640153		0 0 0 0 0 0 0 0 0 0 0 0 1 0 1 0 0 0 0 0 3 1 0 1 1 0 0 1 0 0 0 0 0 0 0 0 0 0 0 0 0 2 1 0 0 0 0 0 2 0 	# -17.593161 -0.013608 -0.241965 -0.108335 1.472404 -0.089905 -0.030855 -0.102111 -0.202014 -0.708836 
232		0.000000	0	0	0.000000		0 0 0 0 0 0 0 0 0 0 0 0 0 0 0 0 0 0 0 0 0 0 0 0 0 0 0 0 0 0 0 0 0 0 0 0 0 0 0 0 0 0 0 0 0 0 0 0 0 0 	# -0.628577 -0.003518 -0.006672 0.005004 0.039360 -0.048205 -0.002343 0.003001 0.432059 1.389030 
233		0.380000	0	4	0.779586		0 0 0 0 0 0 0 0 0 2 0 1 2 2 0 0 0 1 0 0 0 0 0 4 0 1 0 0 0 0 0 0 0 0 0 0 1 0 1 0 0 1 1 0 0 0 1 0 1 0 	# -17.651198 -0.019202 -0.239929 -0.108395 1.478606 -0.096006 -0.035545 -0.101694 -0.119469 -0.632149 
234		0.040000	0	2	0.282843		0 0 0 0 0 0 0 0 0 0 0 0 0 0 0 0 0 0 0 0 0 0 0 0 0 0 0 0 0 0 0 0 0 2 0 0 0 0 0 0 0 0 0 0 0 0 0 0 0 0 	# -0.579316 -0.002907 -0.006033 0.004906 0.037336 -0.037450 -0.002284 0.003070 0.330163 1.288305 
235		0.340000	0	4	0.745326		0 0 0 0 1 0 0 0 2 0 0 0 0 0 0 0 0 0 1 1 0 1 0 2 1 0 0 0 4 0 0 0 0 0 0 0 0 0 1 0 0 0 1 1 0 0 1 0 0 0 	# -17.593161 -0.013608 -0.241965 -0.108335 1.472404 -0.089905 -0.030855 -0.102111 -0.202014 -0.708836 
236		0.020000	0	1	0.141421		0 0 0 0 0 0 0 0 0 0 0 0 0 0 0 0 0 0 0 0 0 0 0 0 0 0 0 0 0 0 0 0 0 0 0 0 0 0 0 0 0 1 0 0 0 0 0 0 0 0 	# -0.628577 -0.003518 -0.006672 0.005004 0.039360 -0.048205 -0.002343 0.003001 0.432059 1.389030 
237		0.400000	0	3	0.699854		0 0 0 0 2 0 0 0 1 0 0 0 0 0 0 0 0 0 0 0 0 0 0 0 2 3 1 1 0 0 1 1 1 0 0 0 0 0 1 1 0 1 0 2 1 0 1 0 0 0 	# -17.651198 -0.019202 -0.239929 -0.108395 1.478606 -0.096006 -0.035545 -0.101694 -0.119469 -0.632149 
238		0.040000	0	2	0.282843		0 0 0 0 0 0 0 0 0 0 0 0 0 0 0 0 0 0 0 0 0 0 0 0 0 0 0 0 2 0 0 0 0 0 0 0 0 0 0 0 0 0 0 0 0 0 0 0 0 0 	# -0.579316 -0.002907 -0.006033 0.004906 0.037336 -0.037450 -0.002284 0.003070 0.330163 1.288305 
239		0.400000	0	3	0.699854		0 0 3 0 1 0 1 0 2 0 0 1 0 0 0 0 0 0 0 1 0 0 0 1 1 0 0 0 1 0 0 0 2 0 1 1 0 0 0 0 0 0 0 0 2 0 0 1 1 0 	# -17.593161 -0.013608 -0.241965 -0.108335 1.472404 -0.089905 -0.030855 -0.102111 -0.202014 -0.708836 
240		0.040000	0	2	0.282843		0 0 0 0 0 0 0 0 0 0 0 0 0 0 0 0 0 0 0 0 0 0 0 2 0 0 0 0 0 0 0 0 0 0 0 0 0 0 0 0 0 0 0 0 0 0 0 0 0 0 	# -0.628577 -0.003518 -0.006672 0.005004 0.039360 -0.048205 -0.002343 0.003001 0.432059 1.389030 
241		0.420000	0	4	0.859283		1 1 1 1 0 1 1 0 0 0 0 0 0 0 0 0 0 0 0 0 0 0 0 0 0 0 4 1 0 0 0 3 1 0 0 0 0 1 0 0 0 0 1 0 3 0 1 0 0 0 	# -17.651198 -0.019202 -0.239929 -0.108395 1.478606 -0.096006 -0.035545 -0.101694 -0.119469 -0.632149 
242		0.000000	0	0	0.000000		0 0 0 0 0 0 0 0 0 0 0 0 0 0 0 0 0 0 0 0 0 0 0 0 0 0 0 0 0 0 0 0 0 0 0 0 0 0 0 0 0 0 0 0 0 0 0 0 0 0 	# -0.579316 -0.002907 -0.006033 0.004906 0.037336 -0.037450 -0.002284 0.003070 0.330163 1.288305 
243		0.220000	0	3	0.581694		0 0 0 0 0 0 0 0 1 0 0 0 0 0 0 0 0 0 0 0 0 0 2 0 0 0 3 1 1 0 0 0 0 0 1 0 0 0 1 0 0 0 0 0 0 0 0 1 0 0 	# -17.593161 -0.013608 -0.241965 -0.108335 1.472404 -0.089905 -0.030855 -0.102111 -0.202014 -0.708836 
244		0.000000	0	0	0.000000		0 0 0 0 0 0 0 0 0 0 0 0 0 0 0 0 0 0 0 0 0 0 0 0 0 0 0 0 0 0 0 0 0 0 0 0 0 0 0 0 0 0 0 0 0 0 0 0 0 0 	# -0.628577 -0.003518 -0.006672 0.005004 0.039360 -0.048205 -0.002343 0.003001 0.432059 1.389030 
245		0.500000	0	4	0.952976		4 1 0 2 0 0 2 1 0 0 0 0 0 0 1 0 0 1 0 2 0 0 0 0 0 0 2 0 1 0 0 0 1 0 0 0 1 4 0 0 1 0 0 0 0 0 0 1 0 0 	# -17.651198 -0.019202 -0.239929 -0.108395 1.478606 -0.096006 -0.035545 -0.101694 -0.119469 -0.632149 
246		0.040000	0	1	0.197949		0 0 0 0 0 0 0 0 0 0 0 0 1 0 0 0 1 0 0 0 0 0 0 0 0 0 0 0 0 0 0 0 0 0 0 0 0 0 0 0 0 0 0 0 0 0 0 0 0 0 	# -0.579316 -0.002907 -0.006033 0.004906 0.037336 -0.037450 -0.002284 0.003070 0.330163 1.288305 
247		0.220000	0	2	0.464670		0 0 2 0 0 0 0 0 0 0 0 1 0 1 0 0 1 0 0 0 0 0 0 1 0 0 0 0 0 1 1 0 0 0 1 1 0 0 0 0 0 0 0 1 0 0 0 0 0 0 	# -17.593161 -0.013608 -0.241965 -0.108335 1.472404 -0.089905 -0.030855 -0.102111 -0.202014 -0.708836 
248		0.060000	0	3	0.424264		0 0 0 0 0 0 0 0 0 0 0 0 0 0 0 0 0 0 0 0 0 0 0 0 0 0 0 0 0 0 0 0 0 0 0 0 0 0 0 0 3 0 0 0 0 0 0 0 0 0 	# -0.628577 -0.003518 -0.006672 0.005004 0.039360 -0.048205 -0.002343 0.003001 0.432059 1.389030 
249		0.380000	0	5	0.923392		0 0 0 0 0 0 0 0 0 2 0 1 0 0 5 0 0 0 0 1 0 0 2 0 0 0 3 1 0 0 0 0 0 0 0 0 1 0 0 0 0 1 0 1 0 0 0 0 0 1 	# -17.651198 -0.019202 -0.239929 -0.108395 1.478606 -0.096006 -0.035545 -0.101694 -0.119469 -0.632149 
250		0.060000	0	2	0.313636		0 0 0 0 0 0 0 0 0 0 0 0 0 0 0 0 0 0 0 0 0 0 0 0 0 0 0 0 0 0 0 0 0 0 0 0 0 0 0 0 1 0 0 0 0 0 0 0 2 0 	# -0.579316 -0.002907 -0.006033 0.004906 0.037336 -0.037450 -0.002284 0.003070 0.330163 1.288305 
251		0.600000	0	4	0.903508		3 0 0 1 1 1 0 0 0 0 0 0 0 1 0 1 1 1 0 0 1 2 0 0 2 0 0 0 0 0 0 4 0 2 0 0 1 0 1 0 0 2 0 2 0 1 0 1 1 0 	# -17.593161 -0.013608 -0.241965 -0.108335 1.472404 -0.089905 -0.030855 -0.102111 -0.202014 -0.708836 
252		0.020000	0	1	0.141421		0 0 0 0 0 0 0 0 0 0 0 0 0 0 0 0 0 0 0 0 0 0 0 0 0 0 0 0 0 0 0 1 0 0 0 0 0 0 0 0 0 0 0 0 0 0 0 0 0 0 	# -0.628577 -0.003518 -0.006672 0.005004 0.039360 -0.048205 -0.002343 0.003001 0.432059 1.389030 
253		0.220000	0	1	0.418452		0 0 1 0 0 0 0 0 0 0 1 0 1 0 0 0 0 1 0 1 0 0 1 0 0 0 0 1 1 0 0 0 0 0 0 0 0 0 1 0 0 1 0 0 0 1 0 0 0 0 	# -17.651198 -0.019202 -0.239929 -0.108395 1.478606 -0.096006 -0.035545 -0.101694 -0.119469 -0.632149 
254		0.000000	0	0	0.000000		0 0 0 0 0 0 0 0 0 0 0 0 0 0 0 0 0 0 0 0 0 0 0 0 0 0 0 0 0 0 0 0 0 0 0 0 0 0 0 0 0 0 0 0 0 0 0 0 0 0 	# -0.579316 -0.002907 -0.006033 0.004906 0.037336 -0.037450 -0.002284 0.003070 0.330163 1.288305 
255		0.280000	0	2	0.496518		0 1 0 0 1 0 0 1 0 1 0 1 0 0 1 0 0 0 0 0 0 0 0 0 1 0 0 0 0 0 0 0 0 0 0 0 1 0 1 1 0 0 1 1 0 0 2 0 0 0 	# -17.593161 -0.013608 -0.241965 -0.108335 1.472404 -0.089905 -0.030855 -0.102111 -0.202014 -0.708836 
256		0.020000	0	1	0.141421		0 0 0 0 0 0 0 0 0 0 0 0 0 0 0 0 0 0 0 0 0 0 0 0 1 0 0 0 0 0 0 0 0 0 0 0 0 0 0 0 0 0 0 0 0 0 0 0 0 0 	# -0.628577 -0.003518 -0.006672 0.005004 0.039360 -0.048205 -0.002343 0.003001 0.432059 1.389030 
257		0.480000	0	3	0.646498		0 0 0 0 0 1 1 0 1 0 1 0 0 0 1 0 2 1 0 0 0 1 1 0 0 1 0 1 0 1 1 0 1 0 0 1 1 0 0 0 0 0 1 1 0 0 1 1 3 0 	# -17.651198 -0.019202 -0.239929 -0.108395 1.478606 -0.096006 -0.035545 -0.101694 -0.119469 -0.632149 
258		0.000000	0	0	0.000000		0 0 0 0 0 0 0 0 0 0 0 0 0 0 0 0 0 0 0 0 0 0 0 0 0 0 0 0 0 0 0 0 0 0 0 0 0 0 0 0 0 0 0 0 0 0 0 0 0 0 	# -0.579316 -0.002907 -0.006033 0.004906 0.037336 -0.037450 -0.002284 0.003070 0.330163 1.288305 
259		0.260000	0	3	0.632778		0 1 0 0 0 0 0 1 0 3 0 0 0 0 0 0 0 1 0 1 0 2 0 2 0 0 0 0 0 0 0 0 0 0 0 0 0 0 1 1 0 0 0 0 0 0 0 0 0 0 	# -17.593161 -0.013608 -0.241965 -0.108335 1.472404 -0.089905 -0.030855 -0.102111 -0.202014 -0.708836 
260		0.020000	0	1	0.141421		0 0 0 0 0 0 0 0 0 0 0 0 0 0 0 0 0 0 0 1 0 0 0 0 0 0 0 0 0 0 0 0 0 0 0 0 0 0 0 0 0 0 0 0 0 0 0 0 0 0 	# -0.628577 -0.003518 -0.006672 0.005004 0.039360 -0.048205 -0.002343 0.003001 0.432059 1.389030 
261		0.480000	0	3	0.762381		3 0 2 2 0 1 0 0 0 0 0 0 1 0 0 1 1 0 0 0 0 1 0 0 0 0 0 2 0 0 0 0 2 0 2 1 0 0 1 1 0 1 0 0 0 0 0 1 0 1 	# -17.651198 -0.019202 -0.239929 -0.108395 1.478606 -0.096006 -0.035545 -0.101694 -0.119469 -0.632149 
262		0.020000	0	1	0.141421		0 0 0 0 0 0 0 1 0 0 0 0 0 0 0 0 0 0 0 0 0 0 0 0 0 0 0 0 0 0 0 0 0 0 0 0 0 0 0 0 0 0 0 0 0 0 0 0 0 0 	# -0.579316 -0.002907 -0.006033 0.004906 0.037336 -0.037450 -0.002284 0.003070 0.330163 1.288305 
263		0.400000	0	3	0.699854		0 0 0 0 0 0 0 0 0 0 0 0 0 0 2 0 0 0 0 0 1 0 2 0 0 0 0 2 1 0 1 0 0 0 0 1 0 1 1 0 1 1 3 1 1 0 0 0 1 0 	# -17.593161 -0.013608 -0.241965 -0.108335 1.472404 -0.089905 -0.030855 -0.102111 -0.202014 -0.708836 
264		0.000000	0	0	0.000000		0 0 0 0 0 0 0 0 0 0 0 0 0 0 0 0 0 0 0 0 0 0 0 0 0 0 0 0 0 0 0 0 0 0 0 0 0 0 0 0 0 0 0 0 0 0 0 0 0 0 	# -0.628577 -0.003518 -0.006672 0.005004 0.039360 -0.048205 -0.002343 0.003001 0.432059 1.389030 
265		0.480000	0	3	0.706818		1 0 0 0 0 1 1 0 1 3 2 0 2 0 1 0 1 0 0 0 1 1 0 1 0 0 0 0 0 0 1 1 0 0 1 0 1 0 0 0 0 0 1 0 1 2 0 0 0 0 	# -17.651198 -0.019202 -0.239929 -0.108395 1.478606 -0.096006 -0.035545 -0.101694 -0.119469 -0.632149 
266		0.020000	0	1	0.141421		0 1 0 0 0 0 0 0 0 0 0 0 0 0 0 0 0 0 0 0 0 0 0 0 0 0 0 0 0 0 0 0 0 0 0 0 0 0 0 0 0 0 0 0 0 0 0 0 0 0 	# -0.579316 -0.002907 -0.006033 0.004906 0.037336 -0.037450 -0.002284 0.003070 0.330163 1.288305 
267		0.400000	0	3	0.782461		0 1 0 0 0 0 0 0 2 0 3 0 0 0 0 0 0 0 0 0 1 0 0 0 1 0 0 0 0 0 0 2 1 0 0 0 1 0 0 0 0 1 0 2 0 0 1 0 1 3 	# -17.593161 -0.013608 -0.241965 -0.108335 1.472404 -0.089905 -0.030855 -0.102111 -0.202014 -0.708836 
268		0.060000	0	2	0.313636		0 0 0 0 0 0 0 0 0 0 0 0 0 0 0 0 0 0 0 0 0 0 0 0 0 0 0 0 0 0 0 0 0 0 0 1 0 0 0 0 0 0 0 0 0 0 0 2 0 0 	# -0.628577 -0.003518 -0.006672 0.005004 0.039360 -0.048205 -0.002343 0.003001 0.432059 1.389030 
269		0.400000	0	3	0.755929		0 0 0 2 0 1 0 0 0 1 1 0 0 1 0 0 0 0 1 2 0 0 1 1 1 0 0 3 1 0 0 0 0 0 0 0 0 0 0 0 0 0 1 0 3 0 0 0 0 0 	# -17.651198 -0.019202 -0.239929 -0.108395 1.478606 -0.096006 -0.035545 -0.101694 -0.119469 -0.632149 
270		0.080000	0	2	0.340468		0 1 0 0 0 0 0 0 0 0 0 0 0 0 0 0 0 0 0 0 0 0 0 0 0 0 0 0 0 0 1 0 0 0 0 0 0 0 0 0 0 0 0 0 0 0 0 2 0 0 	# -0.579316 -0.002907 -0.006033 0.004906 0.037336 -0.037450 -0.002284 0.003070 0.330163 1.288305 
271		0.360000	0	2	0.721676		0 0 0 0 0 2 2 0 0 0 0 1 0 1 0 0 0 0 2 0 0 0 2 0 0 0 0 0 2 0 0 0 0 1 0 2 0 0 0 1 0 0 0 0 2 0 0 0 0 0 	# -17.593161 -0.013608 -0.241965 -0.108335 1.472404 -0.089905 -0.030855 -0.102111 -0.202014 -0.708836 
272		0.020000	0	1	0.141421		0 0 0 0 0 0 0 0 0 0 0 0 0 0 0 0 0 0 0 0 0 0 0 0 0 0 0 0 0 0 0 0 0 0 0 0 0 0 0 0 0 0 0 0 1 0 0 0 0 0 	# -0.628577 -0.003518 -0.006672 0.005004 0.039360 -0.048205 -0.002343 0.003001 0.432059 1.389030 
273		0.400000	0	4	0.808122		0 4 0 0 0 0 1 0 0 0 0 0 0 0 1 0 2 0 1 0 1 0 0 0 0 1 1 1 1 0 0 1 1 3 0 0 0 0 0 0 0 0 0 0 1 0 0 0 0 0 	# -17.651198 -0.019202 -0.239929 -0.108395 1.478606 -0.096006 -0.035545 -0.101694 -0.119469 -0.632149 
274		0.000000	0	0	0.000000		0 0 0 0 0 0 0 0 0 0 0 0 0 0 0 0 0 0 0 0 0 0 0 0 0 0 0 0 0 0 0 0 0 0 0 0 0 0 0 0 0 0 0 0 0 0 0 0 0 0 	# -0.579316 -0.002907 -0.006033 0.004906 0.037336 -0.037450 -0.002284 0.003070 0.330163 1.288305 
275		0.460000	0	4	0.838122		0 0 0 0 4 0 0 1 1 1 1 0 0 0 0 0 1 0 0 0 0 0 0 0 0 0 0 0 0 0 2 0 1 2 0 0 0 1 0 0 1 0 0 1 0 1 1 1 3 0 	# -17.593161 -0.013608 -0.241965 -0.108335 1.472404 -0.089905 -0.030855 -0.102111 -0.202014 -0.708836 
276		0.000000	0	0	0.000000		0 0 0 0 0 0 0 0 0 0 0 0 0 0 0 0 0 0 0 0 0 0 0 0 0 0 0 0 0 0 0 0 0 0 0 0 0 0 0 0 0 0 0 0 0 0 0 0 0 0 	# -0.628577 -0.003518 -0.006672 0.005004 0.039360 -0.048205 -0.002343 0.003001 0.432059 1.389030 
277		0.680000	0	4	1.019003		0 2 0 2 0 0 1 1 0 1 1 0 1 0 3 0 2 0 0 0 2 3 2 0 1 0 0 0 0 0 0 0 2 0 4 0 0 0 0 0 0 0 2 0 2 0 1 1 0 0 	# -17.651198 -0.019202 -0.239929 -0.108395 1.478606 -0.096006 -0.035545 -0.101694 -0.119469 -0.632149 
278		0.000000	0	0	0.000000		0 0 0 0 0 0 0 0 0 0 0 0 0 0 0 0 0 0 0 0 0 0 0 0 0 0 0 0 0 0 0 0 0 0 0 0 0 0 0 0 0 0 0 0 0 0 0 0 0 0 	# -0.579316 -0.002907 -0.006033 0.004906 0.037336 -0.037450 -0.002284 0.003070 0.330163 1.288305 
279		0.360000	0	4	0.827092		1 0 2 2 1 1 0 1 0 0 0 0 1 0 0 4 0 0 0 0 0 1 0 0 0 1 0 0 0 0 0 0 0 0 0 0 0 0 0 3 0 0 0 0 0 0 0 0 0 0 	# -17.593161 -0.013608 -0.241965 -0.108335 1.472404 -0.089905 -0.030855 -0.102111 -0.202014 -0.708836 
280		0.040000	0	2	0.282843		0 0 0 0 0 0 0 0 0 0 0 0 0 2 0 0 0 0 0 0 0 0 0 0 0 0 0 0 0 0 0 0 0 0 0 0 0 0 0 0 0 0 0 0 0 0 0 0 0 0 	# -0.628577 -0.003518 -0.006672 0.005004 0.039360 -0.048205 -0.002343 0.003001 0.432059 1.389030 
281		0.360000	0	2	0.525279		1 1 0 1 0 1 0 0 0 1 1 0 1 0 1 0 0 0 0 1 0 0 0 0 0 0 1 0 0 0 1 0 1 0 0 1 0 0 1 1 0 0 0 0 0 2 0 0 0 1 	# -17.651198 -0.019202 -0.239929 -0.108395 1.478606 -0.096006 -0.035545 -0.101694 -0.119469 -0.632149 
282		0.060000	0	3	0.424264		0 0 0 0 0 0 0 0 0 0 0 0 0 0 0 0 0 0 0 0 0 3 0 0 0 0 0 0 0 0 0 0 0 0 0 0 0 0 0 0 0 0 0 0 0 0 0 0 0 0 	# -0.579316 -0.002907 -0.006033 0.004906 0.037336 -0.037450 -0.002284 0.003070 0.330163 1.288305 
283		0.360000	0	3	0.692820		1 0 1 0 0 0 0 0 0 1 0 0 0 0 1 0 1 0 0 0 0 2 1 1 0 0 0 0 0 0 2 0 2 0 0 0 0 0 0 0 0 0 0 0 1 0 1 0 3 0 	# -17.593161 -0.013608 -0.241965 -0.108335 1.472404 -0.089905 -0.030855 -0.102111 -0.202014 -0.708836 
284		0.040000	0	1	0.197949		0 0 0 0 0 0 0 1 1 0 0 0 0 0 0 0 0 0 0 0 0 0 0 0 0 0 0 0 0 0 0 0 0 0 0 0 0 0 0 0 0 0 0 0 0 0 0 0 0 0 	# -0.628577 -0.003518 -0.006672 0.005004 0.039360 -0.048205 -0.002343 0.003001 0.432059 1.389030 
285		0.340000	0	4	0.772222		0 0 0 0 0 0 1 1 0 0 0 1 1 0 1 0 0 4 0 1 0 0 1 0 1 0 0 0 0 0 0 0 0 1 0 0 0 0 0 3 0 0 1 0 0 0 0 0 0 0 	# -17.651198 -0.019202 -0.239929 -0.108395 1.478606 -0.096006 -0.035545 -0.101694 -0.119469 -0.632149 
286		0.060000	0	3	0.424264		0 0 0 0 0 0 0 0 0 0 0 0 0 0 0 0 0 0 0 0 0 0 0 0 0 0 0 0 0 0 0 0 0 0 0 0 0 0 0 0 0 0 0 0 0 0 0 0 3 0 	# -0.579316 -0.002907 -0.006033 0.004906 0.037336 -0.037450 -0.002284 0.003070 0.330163 1.288305 
287		0.700000	0	4	1.073807		2 0 1 2 1 0 0 3 0 1 0 0 0 1 4 1 0 2 1 0 0 0 0 0 2 0 0 0 0 0 0 0 0 1 0 1 3 0 0 4 0 0 0 0 1 2 0 1 1 0 	# -17.593161 -0.013608 -0.241965 -0.108335 1.472404 -0.089905 -0.030855 -0.102111 -0.202014 -0.708836 
288		0.000000	0	0	0.000000		0 0 0 0 0 0 0 0 0 0 0 0 0 0 0 0 0 0 0 0 0 0 0 0 0 0 0 0 0 0 0 0 0 0 0 0 0 0 0 0 0 0 0 0 0 0 0 0 0 0 	# -0.628577 -0.003518 -0.006672 0.005004 0.039360 -0.048205 -0.002343 0.003001 0.432059 1.389030 
289		0.420000	0	2	0.641745		0 1 1 0 0 0 1 0 2 0 1 2 0 0 0 0 1 1 1 0 1 0 0 0 0 0 2 0 0 0 0 0 2 1 0 0 1 0 0 0 0 1 1 0 0 0 1 0 0 0 	# -17.651198 -0.019202 -0.239929 -0.108395 1.478606 -0.096006 -0.035545 -0.101694 -0.119469 -0.632149 
290		0.040000	0	2	0.282843		0 0 0 0 0 0 0 0 0 0 0 0 0 0 0 0 0 0 0 0 0 0 0 0 0 0 0 0 0 0 0 0 0 0 0 0 0 0 0 0 0 2 0 0 0 0 0 0 0 0 	# -0.579316 -0.002907 -0.006033 0.004906 0.037336 -0.037450 -0.002284 0.003070 0.330163 1.288305 
291		0.280000	0	2	0.536048		0 0 0 1 0 0 0 0 1 0 0 0 2 1 0 0 0 0 0 0 0 0 0 0 1 1 0 0 0 0 0 1 0 1 1 0 1 0 0 0 0 0 0 2 0 0 1 0 0 0 	# -17.593161 -0.013608 -0.241965 -0.108335 1.472404 -0.089905 -0.030855 -0.102111 -0.202014 -0.708836 
292		0.000000	0	0	0.000000		0 0 0 0 0 0 0 0 0 0 0 0 0 0 0 0 0 0 0 0 0 0 0 0 0 0 0 0 0 0 0 0 0 0 0 0 0 0 0 0 0 0 0 0 0 0 0 0 0 0 	# -0.628577 -0.003518 -0.006672 0.005004 0.039360 -0.048205 -0.002343 0.003001 0.432059 1.389030 
293		0.500000	0	5	0.952976		0 0 1 0 1 0 0 0 0 1 0 0 0 1 0 1 0 0 5 2 0 0 0 0 0 1 0 0 0 0 0 0 3 0 0 2 0 1 0 1 0 0 0 2 1 1 0 1 0 0 	# -17.651198 -0.019202 -0.239929 -0.108395 1.478606 -0.096006 -0.035545 -0.101694 -0.119469 -0.632149 
294		0.020000	0	1	0.141421		0 0 0 0 0 0 0 0 0 0 0 1 0 0 0 0 0 0 0 0 0 0 0 0 0 0 0 0 0 0 0 0 0 0 0 0 0 0 0 0 0 0 0 0 0 0 0 0 0 0 	# -0.579316 -0.002907 -0.006033 0.004906 0.037336 -0.037450 -0.002284 0.003070 0.330163 1.288305 
295		0.360000	0	2	0.631163		0 1 1 0 1 1 0 0 2 1 0 0 0 0 0 0 0 0 0 0 0 1 0 0 0 0 0 0 1 0 2 0 0 0 0 0 0 1 2 0 2 0 0 0 0 0 0 0 1 1 	# -17.593161 -0.013608 -0.241965 -0.108335 1.472404 -0.089905 -0.030855 -0.102111 -0.202014 -0.708836 
296		0.020000	0	1	0.141421		0 0 0 0 0 0 0 0 0 0 0 0 0 0 0 0 0 1 0 0 0 0 0 0 0 0 0 0 0 0 0 0 0 0 0 0 0 0 0 0 0 0 0 0 0 0 0 0 0 0 	# -0.628577 -0.003518 -0.006672 0.005004 0.039360 -0.048205 -0.002343 0.003001 0.432059 1.389030 
297		0.320000	0	4	0.740656		0 0 0 0 0 1 0 0 0 1 0 0 0 1 0 0 1 0 0 0 0 0 0 2 0 1 0 0 0 0 0 0 1 0 1 0 0 0 0 0 4 0 0 0 0 1 0 2 0 0 	# -17.651198 -0.019202 -0.239929 -0.108395 1.478606 -0.096006 -0.035545 -0.101694 -0.119469 -0.632149 
298		0.000000	0	0	0.000000		0 0 0 0 0 0 0 0 0 0 0 0 0 0 0 0 0 0 0 0 0 0 0 0 0 0 0 0 0 0 0 0 0 0 0 0 0 0 0 0 0 0 0 0 0 0 0 0 0 0 	# -0.579316 -0.002907 -0.006033 0.004906 0.037336 -0.037450 -0.002284 0.003070 0.330163 1.288305 
299		0.260000	0	2	0.527218		0 0 0 0 0 0 0 0 0 2 1 0 1 0 0 0 0 0 0 0 0 1 0 0 0 0 0 0 0 0 0 0 0 0 0 2 0 0 0 0 1 1 1 0 1 0 0 1 0 1 	# -17.593161 -0.013608 -0.241965 -0.108335 1.472404 -0.089905 -0.030855 -0.102111 -0.202014 -0.708836 
