# Episode	Mean score	Min	Max	Standard deviation	Scores	# Feature weights	
0		991.780000	16	4478	936.022616		16 58 2185 1262 705 922 438 586 118 590 499 2016 2490 372 248 406 319 780 885 1709 1343 1029 1359 4180 402 142 550 679 383 489 671 71 244 264 235 91 1756 1031 289 1163 1381 1149 1381 401 1296 1088 2320 4478 1581 1539 	# 7.557468 -0.004792 -0.858329 -0.171330 0.904273 -0.685385 -0.025111 -0.147802 -0.366544 -0.353814 
1		91.180000	31	171	36.045147		70 70 112 64 134 155 99 55 92 99 46 88 57 53 31 88 123 43 81 78 80 39 89 52 89 99 134 171 163 58 146 72 164 167 62 145 117 89 99 89 114 80 54 98 95 76 74 71 54 81 	# 4.285001 -0.196901 -0.337912 -0.138885 0.648077 -0.311226 -0.185272 -0.120905 0.105255 0.360900 
2		1398.400000	14	5892	1423.017303		667 551 139 1355 1612 1015 718 82 2415 2737 38 1458 91 408 607 2149 848 648 546 1733 1301 78 36 1094 2998 4851 155 1405 107 5892 895 3738 793 528 1755 3511 470 1068 728 1045 3239 267 4774 103 2523 213 14 2712 3420 390 	# 7.742318 0.112859 -0.932146 -0.153828 0.803763 -0.867320 0.080891 -0.138438 0.501224 0.632538 
3		1.640000	0	6	1.396205		1 2 3 3 1 1 0 1 4 6 1 2 0 0 2 4 2 1 1 4 1 2 1 2 0 1 3 4 1 1 0 1 0 1 0 2 2 3 1 1 2 3 0 3 0 4 2 2 0 0 	# -4.796861 -0.556555 0.018063 -0.073256 1.081504 0.078343 -0.470205 -0.051313 0.111169 0.035765 
4		1.460000	0	9	2.159081		0 0 0 0 1 0 1 0 0 0 0 6 3 1 0 0 4 3 1 2 0 0 0 0 5 0 0 0 1 1 9 0 4 4 7 0 2 2 1 0 0 5 0 2 5 2 0 0 0 1 	# -10.502486 0.164669 -0.191383 -0.006662 0.758426 -0.141854 0.107519 -0.016217 -0.075617 0.120196 
5		0.000000	0	0	0.000000		0 0 0 0 0 0 0 0 0 0 0 0 0 0 0 0 0 0 0 0 0 0 0 0 0 0 0 0 0 0 0 0 0 0 0 0 0 0 0 0 0 0 0 0 0 0 0 0 0 0 	# -17.521463 -0.243355 0.005691 -0.029639 1.368980 0.114211 -0.197960 -0.025129 0.136617 -0.171429 
6		0.060000	0	2	0.313636		0 0 0 0 0 0 0 0 0 0 0 0 0 0 0 1 0 0 0 0 0 0 0 0 0 0 0 0 0 0 0 0 0 0 0 0 0 0 0 0 0 0 0 0 0 0 0 2 0 0 	# -2.609350 0.004309 -0.020085 0.005127 0.179390 -0.010155 0.001655 0.001253 0.021640 0.835301 
7		0.920000	0	4	1.026983		2 0 2 3 1 2 0 1 1 0 1 0 0 1 0 0 0 2 1 2 3 3 0 0 0 1 1 0 0 4 0 1 0 0 0 2 2 1 0 0 2 0 1 2 0 1 1 0 1 1 	# -16.702470 -0.028520 -0.280575 -0.130456 1.521057 -0.121119 -0.041008 -0.122829 -0.359390 -0.913634 
8		0.140000	0	3	0.571786		0 0 0 0 0 0 0 0 0 2 0 0 0 0 0 0 0 0 0 0 0 0 0 0 3 0 0 0 0 0 0 0 0 0 0 0 2 0 0 0 0 0 0 0 0 0 0 0 0 0 	# 16.782728 -0.000991 -0.028978 0.005008 0.140156 4.585120 -0.001544 0.002410 -46.044881 -45.194351 
9		1.280000	0	4	1.278392		1 0 4 0 0 1 1 0 1 0 3 4 2 1 0 1 1 0 3 3 0 0 3 0 2 0 3 0 2 0 1 2 0 1 1 1 1 1 4 1 2 0 0 3 1 2 4 0 1 2 	# -15.817045 0.004411 -0.313891 -0.147331 1.473810 -0.183351 -0.014294 -0.138985 -0.098138 -0.615754 
10		0.040000	0	1	0.197949		0 0 0 0 0 0 0 0 0 0 0 0 0 0 0 0 0 0 0 0 0 0 0 1 0 0 0 0 0 0 0 0 0 0 0 0 0 0 0 0 0 0 1 0 0 0 0 0 0 0 	# -2.559259 -0.007849 -0.036994 0.010226 0.148629 -0.302493 -0.006700 0.006210 2.738590 3.579338 
11		2.060000	0	8	1.963026		1 2 0 1 1 8 2 1 7 0 3 2 1 0 0 6 1 0 0 4 4 5 3 3 2 0 2 0 1 1 0 0 3 2 5 3 3 1 1 1 0 1 2 3 5 0 2 5 3 2 	# -15.044538 0.016926 -0.303324 -0.146543 1.452722 0.030497 -0.012303 -0.139368 -2.199440 -2.713795 
12		0.240000	0	7	1.041192		0 0 0 0 0 0 0 0 0 2 0 0 7 0 0 0 0 0 0 0 0 0 0 1 0 0 0 0 0 0 0 0 0 0 0 0 1 0 0 0 0 0 0 0 1 0 0 0 0 0 	# -8.832782 -0.006562 -0.036127 0.009699 0.147906 -1.862759 -0.005448 0.005940 18.348712 19.191128 
13		1.600000	0	8	1.937809		0 1 1 0 3 1 1 0 0 3 2 1 1 1 8 0 0 0 1 2 1 0 0 0 0 0 1 3 0 3 0 5 6 0 2 1 3 5 5 3 0 2 1 5 2 0 5 1 0 0 	# -15.957413 -0.004516 -0.297926 -0.140539 1.486310 -0.104637 -0.025587 -0.133939 -0.751377 -1.284941 
14		0.000000	0	0	0.000000		0 0 0 0 0 0 0 0 0 0 0 0 0 0 0 0 0 0 0 0 0 0 0 0 0 0 0 0 0 0 0 0 0 0 0 0 0 0 0 0 0 0 0 0 0 0 0 0 0 0 	# -4.441142 -0.004650 -0.035644 0.009294 0.148145 -0.750483 -0.004318 0.005637 7.234062 8.075222 
15		1.540000	0	7	1.328034		3 1 1 2 2 0 1 2 1 0 1 2 0 1 1 3 0 0 1 3 0 2 7 2 4 2 2 1 0 1 3 1 2 1 0 1 1 4 1 1 2 1 1 1 0 2 2 4 1 2 	# -15.986647 0.000309 -0.302395 -0.142417 1.481542 -0.137532 -0.022176 -0.135148 -0.458802 -0.989425 
16		0.040000	0	2	0.282843		0 0 0 0 0 0 0 0 0 0 0 0 0 0 0 0 0 0 0 0 0 0 0 0 0 0 0 0 0 0 0 0 0 0 0 0 0 0 0 0 2 0 0 0 0 0 0 0 0 0 	# -2.239409 -0.006292 -0.034909 0.009596 0.148351 -0.202225 -0.005634 0.005916 1.758539 2.599764 
17		1.200000	0	6	1.277753		1 3 2 3 1 2 1 2 1 1 0 2 3 1 1 0 1 1 0 0 0 0 1 0 1 2 2 1 6 1 2 0 1 0 1 1 5 0 1 0 0 3 0 2 1 2 0 0 0 1 	# -15.997817 -0.004518 -0.297854 -0.140485 1.486139 -0.114817 -0.025578 -0.133887 -0.648893 -1.182265 
18		0.000000	0	0	0.000000		0 0 0 0 0 0 0 0 0 0 0 0 0 0 0 0 0 0 0 0 0 0 0 0 0 0 0 0 0 0 0 0 0 0 0 0 0 0 0 0 0 0 0 0 0 0 0 0 0 0 	# -2.835417 -0.004650 -0.035643 0.009295 0.148142 -0.349059 -0.004318 0.005638 3.219824 4.060988 
19		1.580000	0	5	1.279190		3 2 2 2 2 4 2 5 2 2 0 1 1 2 3 2 0 1 0 2 2 3 0 2 3 0 1 1 1 0 3 0 0 1 2 4 0 2 0 1 1 2 2 2 4 0 0 3 1 0 	# -16.021570 0.000309 -0.302395 -0.142417 1.481542 -0.146263 -0.022176 -0.135148 -0.371494 -0.902116 
20		0.000000	0	0	0.000000		0 0 0 0 0 0 0 0 0 0 0 0 0 0 0 0 0 0 0 0 0 0 0 0 0 0 0 0 0 0 0 0 0 0 0 0 0 0 0 0 0 0 0 0 0 0 0 0 0 0 	# -5.312451 -0.006292 -0.034909 0.009596 0.148351 -0.970486 -0.005634 0.005916 9.441146 10.282370 
21		1.040000	0	5	1.087217		0 0 0 0 0 2 0 0 0 2 1 1 1 0 0 0 1 0 1 0 1 1 1 3 1 0 1 2 1 2 5 1 0 2 2 1 1 1 3 1 3 0 1 2 2 1 0 1 3 0 	# -15.970332 -0.004518 -0.297854 -0.140485 1.486139 -0.107945 -0.025578 -0.133887 -0.717605 -1.250977 
22		0.080000	0	4	0.565685		0 0 0 0 0 0 0 0 0 0 0 0 0 0 0 0 0 0 0 0 0 0 0 0 0 0 0 0 0 0 0 0 0 0 0 0 0 0 0 0 0 0 0 0 4 0 0 0 0 0 	# -3.910671 -0.004650 -0.035643 0.009295 0.148142 -0.617872 -0.004318 0.005638 5.907961 6.749125 
23		1.480000	0	6	1.417673		1 2 1 0 1 0 0 4 3 0 2 0 0 0 2 1 0 0 3 2 1 0 1 1 3 3 6 2 2 2 1 2 0 1 3 2 2 3 1 1 5 4 2 1 0 2 0 0 0 1 	# -16.374664 0.000309 -0.302395 -0.142417 1.481542 -0.234536 -0.022176 -0.135148 0.511241 -0.019382 
24		0.020000	0	1	0.141421		0 0 0 0 0 0 0 0 0 0 0 0 0 0 0 0 0 0 0 0 0 0 0 0 0 0 0 0 0 0 1 0 0 0 0 0 0 0 0 0 0 0 0 0 0 0 0 0 0 0 	# -5.394184 -0.006292 -0.034909 0.009596 0.148351 -0.990919 -0.005634 0.005916 9.645477 10.486702 
25		1.220000	0	6	1.418392		4 0 6 0 1 2 0 0 1 2 4 0 4 4 2 2 0 1 0 2 1 0 2 0 0 0 0 0 2 1 1 1 1 1 0 0 1 0 1 3 3 0 0 1 0 2 1 0 3 1 	# -15.990494 -0.004518 -0.297854 -0.140485 1.486139 -0.112986 -0.025578 -0.133887 -0.667199 -1.200571 
26		0.020000	0	1	0.141421		0 0 0 0 0 0 0 0 0 0 0 0 0 0 0 0 0 0 1 0 0 0 0 0 0 0 0 0 0 0 0 0 0 0 0 0 0 0 0 0 0 0 0 0 0 0 0 0 0 0 	# -3.910671 -0.004650 -0.035643 0.009295 0.148142 -0.617872 -0.004318 0.005638 5.907961 6.749125 
27		1.340000	0	6	1.303214		0 1 0 1 1 2 3 1 0 1 2 0 1 1 0 1 2 0 3 0 2 1 2 1 0 1 4 1 2 1 2 1 1 0 3 1 1 2 0 0 1 3 5 2 0 6 0 2 1 1 	# -16.374664 0.000309 -0.302395 -0.142417 1.481542 -0.234536 -0.022176 -0.135148 0.511241 -0.019382 
28		0.020000	0	1	0.141421		0 0 0 0 0 0 0 0 0 0 0 0 0 0 0 0 0 0 1 0 0 0 0 0 0 0 0 0 0 0 0 0 0 0 0 0 0 0 0 0 0 0 0 0 0 0 0 0 0 0 	# -5.394184 -0.006292 -0.034909 0.009596 0.148351 -0.990919 -0.005634 0.005916 9.645477 10.486702 
29		1.320000	0	4	1.252589		1 1 3 4 0 2 0 0 1 2 2 0 2 0 1 0 0 0 0 2 0 2 2 1 0 2 1 2 2 2 4 1 0 2 1 1 0 2 0 3 0 3 1 0 0 3 3 0 4 3 	# -15.990494 -0.004518 -0.297854 -0.140485 1.486139 -0.112986 -0.025578 -0.133887 -0.667199 -1.200571 
30		0.000000	0	0	0.000000		0 0 0 0 0 0 0 0 0 0 0 0 0 0 0 0 0 0 0 0 0 0 0 0 0 0 0 0 0 0 0 0 0 0 0 0 0 0 0 0 0 0 0 0 0 0 0 0 0 0 	# -3.910671 -0.004650 -0.035643 0.009295 0.148142 -0.617872 -0.004318 0.005638 5.907961 6.749125 
31		1.560000	0	6	1.579977		0 3 1 1 1 2 0 1 3 3 1 2 6 0 1 1 2 5 4 1 4 0 0 0 3 6 0 2 1 0 2 0 1 1 1 1 0 0 2 1 0 0 1 0 2 3 1 3 4 1 	# -16.374664 0.000309 -0.302395 -0.142417 1.481542 -0.234536 -0.022176 -0.135148 0.511241 -0.019382 
32		0.040000	0	1	0.197949		1 0 0 0 0 0 0 0 0 0 0 0 0 0 0 0 0 0 0 0 0 0 0 0 0 0 0 0 0 0 0 0 0 0 0 0 0 0 0 0 0 1 0 0 0 0 0 0 0 0 	# -5.394184 -0.006292 -0.034909 0.009596 0.148351 -0.990919 -0.005634 0.005916 9.645477 10.486702 
33		1.200000	0	5	1.195229		1 0 2 1 1 0 0 0 0 2 3 1 1 0 2 4 1 0 2 2 0 3 1 0 0 0 1 1 2 1 2 1 1 3 0 2 3 5 2 1 1 1 3 2 0 1 0 0 0 0 	# -15.990494 -0.004518 -0.297854 -0.140485 1.486139 -0.112986 -0.025578 -0.133887 -0.667199 -1.200571 
34		0.060000	0	3	0.424264		0 0 0 0 0 0 0 0 0 0 0 0 0 0 0 0 0 0 0 0 0 0 0 3 0 0 0 0 0 0 0 0 0 0 0 0 0 0 0 0 0 0 0 0 0 0 0 0 0 0 	# -3.910671 -0.004650 -0.035643 0.009295 0.148142 -0.617872 -0.004318 0.005638 5.907961 6.749125 
35		1.220000	0	5	1.217056		1 2 1 0 0 2 1 2 2 0 2 2 1 0 2 0 1 0 1 1 1 0 0 1 0 1 1 1 0 3 0 1 2 1 3 0 0 2 0 2 0 4 2 3 0 0 1 2 4 5 	# -16.374664 0.000309 -0.302395 -0.142417 1.481542 -0.234536 -0.022176 -0.135148 0.511241 -0.019382 
36		0.000000	0	0	0.000000		0 0 0 0 0 0 0 0 0 0 0 0 0 0 0 0 0 0 0 0 0 0 0 0 0 0 0 0 0 0 0 0 0 0 0 0 0 0 0 0 0 0 0 0 0 0 0 0 0 0 	# -5.394184 -0.006292 -0.034909 0.009596 0.148351 -0.990919 -0.005634 0.005916 9.645477 10.486702 
37		1.340000	0	5	1.287459		2 1 1 2 2 0 4 4 1 2 2 4 0 0 2 0 0 5 2 0 0 1 0 1 3 2 0 1 0 3 1 1 1 0 3 2 1 0 2 1 2 1 0 2 0 0 3 1 1 0 	# -15.990494 -0.004518 -0.297854 -0.140485 1.486139 -0.112986 -0.025578 -0.133887 -0.667199 -1.200571 
38		0.000000	0	0	0.000000		0 0 0 0 0 0 0 0 0 0 0 0 0 0 0 0 0 0 0 0 0 0 0 0 0 0 0 0 0 0 0 0 0 0 0 0 0 0 0 0 0 0 0 0 0 0 0 0 0 0 	# -3.910671 -0.004650 -0.035643 0.009295 0.148142 -0.617872 -0.004318 0.005638 5.907961 6.749125 
39		1.240000	0	4	1.187692		2 0 0 2 0 0 2 1 2 1 1 2 2 0 1 1 0 2 3 3 2 1 0 2 0 4 4 0 3 0 1 0 1 2 1 1 0 0 0 2 1 4 0 2 1 3 1 0 0 1 	# -16.374664 0.000309 -0.302395 -0.142417 1.481542 -0.234536 -0.022176 -0.135148 0.511241 -0.019382 
40		0.020000	0	1	0.141421		0 0 0 0 0 0 0 0 0 0 0 0 0 0 0 0 0 0 0 0 0 0 0 0 0 0 0 0 0 0 0 0 0 1 0 0 0 0 0 0 0 0 0 0 0 0 0 0 0 0 	# -5.394184 -0.006292 -0.034909 0.009596 0.148351 -0.990919 -0.005634 0.005916 9.645477 10.486702 
41		1.500000	0	4	1.092647		1 1 0 1 2 1 1 2 2 1 4 1 0 1 4 2 1 1 2 1 1 1 4 2 2 2 0 1 2 4 0 1 0 1 0 3 0 2 1 3 1 2 2 3 0 2 1 2 2 1 	# -15.990494 -0.004518 -0.297854 -0.140485 1.486139 -0.112986 -0.025578 -0.133887 -0.667199 -1.200571 
42		0.020000	0	1	0.141421		0 0 0 0 0 0 0 0 0 0 0 0 0 0 0 0 0 0 0 0 0 0 0 0 0 0 0 0 0 0 0 0 0 1 0 0 0 0 0 0 0 0 0 0 0 0 0 0 0 0 	# -3.910671 -0.004650 -0.035643 0.009295 0.148142 -0.617872 -0.004318 0.005638 5.907961 6.749125 
43		1.080000	0	4	1.026983		1 2 0 1 1 2 1 3 1 1 1 0 2 0 1 0 0 2 1 0 0 4 1 0 0 2 1 0 2 1 0 2 0 0 1 2 1 3 0 0 0 2 2 0 2 0 1 2 2 3 	# -16.374664 0.000309 -0.302395 -0.142417 1.481542 -0.234536 -0.022176 -0.135148 0.511241 -0.019382 
44		0.000000	0	0	0.000000		0 0 0 0 0 0 0 0 0 0 0 0 0 0 0 0 0 0 0 0 0 0 0 0 0 0 0 0 0 0 0 0 0 0 0 0 0 0 0 0 0 0 0 0 0 0 0 0 0 0 	# -5.394184 -0.006292 -0.034909 0.009596 0.148351 -0.990919 -0.005634 0.005916 9.645477 10.486702 
45		1.120000	0	4	1.099907		1 1 1 3 2 1 0 0 1 2 4 2 2 0 1 1 0 0 1 1 0 0 0 3 0 2 0 0 1 0 4 3 0 1 3 2 0 1 0 1 1 2 1 0 2 2 1 0 1 1 	# -15.990494 -0.004518 -0.297854 -0.140485 1.486139 -0.112986 -0.025578 -0.133887 -0.667199 -1.200571 
46		0.040000	0	1	0.197949		0 0 0 0 0 0 0 0 0 0 0 0 0 0 0 1 0 0 0 0 0 0 0 0 0 0 0 0 0 0 0 0 0 0 0 0 0 1 0 0 0 0 0 0 0 0 0 0 0 0 	# -3.910671 -0.004650 -0.035643 0.009295 0.148142 -0.617872 -0.004318 0.005638 5.907961 6.749125 
47		1.180000	0	6	1.304466		1 0 0 1 0 2 5 1 1 1 0 0 1 0 2 2 3 1 1 3 0 0 2 2 3 1 1 0 0 1 6 1 2 0 0 3 1 1 0 0 1 3 2 1 0 1 0 1 0 1 	# -16.374664 0.000309 -0.302395 -0.142417 1.481542 -0.234536 -0.022176 -0.135148 0.511241 -0.019382 
48		0.120000	0	4	0.593846		0 0 0 0 0 0 0 0 0 0 0 0 0 0 0 0 0 0 0 0 0 0 4 0 0 0 0 0 0 0 0 0 0 0 0 0 0 1 0 0 0 0 0 0 0 0 0 0 1 0 	# -5.394184 -0.006292 -0.034909 0.009596 0.148351 -0.990919 -0.005634 0.005916 9.645477 10.486702 
49		1.360000	0	5	1.410746		1 0 1 1 2 5 2 3 1 2 1 0 0 3 3 1 2 2 0 0 0 0 0 1 3 3 2 0 2 0 5 3 0 1 0 3 1 0 0 0 0 2 4 1 0 1 1 1 0 4 	# -15.990494 -0.004518 -0.297854 -0.140485 1.486139 -0.112986 -0.025578 -0.133887 -0.667199 -1.200571 
50		0.060000	0	2	0.313636		0 0 0 0 0 0 0 0 0 0 0 0 0 0 0 0 0 0 0 0 0 0 0 0 0 0 0 1 0 0 0 0 0 0 0 0 2 0 0 0 0 0 0 0 0 0 0 0 0 0 	# -3.910671 -0.004650 -0.035643 0.009295 0.148142 -0.617872 -0.004318 0.005638 5.907961 6.749125 
51		1.360000	0	5	1.453497		1 2 0 3 1 2 0 1 0 1 0 0 0 0 2 2 2 4 3 2 1 3 2 2 2 1 0 0 0 2 2 0 1 0 4 0 1 0 1 4 1 0 0 0 5 0 4 5 1 0 	# -16.374664 0.000309 -0.302395 -0.142417 1.481542 -0.234536 -0.022176 -0.135148 0.511241 -0.019382 
52		0.020000	0	1	0.141421		0 0 0 0 0 0 0 0 0 0 0 0 0 0 0 0 0 0 0 0 0 1 0 0 0 0 0 0 0 0 0 0 0 0 0 0 0 0 0 0 0 0 0 0 0 0 0 0 0 0 	# -5.394184 -0.006292 -0.034909 0.009596 0.148351 -0.990919 -0.005634 0.005916 9.645477 10.486702 
53		1.220000	0	5	1.200170		1 0 4 5 0 0 1 1 0 3 1 2 0 0 0 1 2 1 2 2 1 0 1 1 0 2 3 1 3 3 1 1 0 2 1 2 0 0 0 1 2 3 0 3 1 0 1 0 1 1 	# -15.990494 -0.004518 -0.297854 -0.140485 1.486139 -0.112986 -0.025578 -0.133887 -0.667199 -1.200571 
54		0.100000	0	2	0.416497		0 0 0 1 0 0 0 0 0 2 2 0 0 0 0 0 0 0 0 0 0 0 0 0 0 0 0 0 0 0 0 0 0 0 0 0 0 0 0 0 0 0 0 0 0 0 0 0 0 0 	# -3.910671 -0.004650 -0.035643 0.009295 0.148142 -0.617872 -0.004318 0.005638 5.907961 6.749125 
55		1.800000	0	6	1.538619		2 2 0 0 3 0 1 1 1 2 6 0 3 2 1 2 2 4 2 4 1 0 4 0 0 0 1 2 4 4 1 3 2 4 3 0 0 1 4 1 1 3 4 2 0 4 0 1 1 1 	# -16.374664 0.000309 -0.302395 -0.142417 1.481542 -0.234536 -0.022176 -0.135148 0.511241 -0.019382 
56		0.020000	0	1	0.141421		0 0 0 0 0 0 0 0 0 0 0 0 0 0 0 0 0 0 0 0 0 0 0 0 0 0 0 0 0 0 0 0 0 0 0 0 0 0 0 0 0 0 0 0 0 1 0 0 0 0 	# -5.394184 -0.006292 -0.034909 0.009596 0.148351 -0.990919 -0.005634 0.005916 9.645477 10.486702 
57		1.080000	0	4	1.103612		0 4 1 2 1 2 1 0 2 0 2 0 2 2 1 1 0 2 0 0 1 3 0 0 2 2 0 3 1 2 1 0 0 2 1 2 0 0 2 0 0 0 0 1 2 1 1 0 0 4 	# -15.990494 -0.004518 -0.297854 -0.140485 1.486139 -0.112986 -0.025578 -0.133887 -0.667199 -1.200571 
58		0.000000	0	0	0.000000		0 0 0 0 0 0 0 0 0 0 0 0 0 0 0 0 0 0 0 0 0 0 0 0 0 0 0 0 0 0 0 0 0 0 0 0 0 0 0 0 0 0 0 0 0 0 0 0 0 0 	# -3.910671 -0.004650 -0.035643 0.009295 0.148142 -0.617872 -0.004318 0.005638 5.907961 6.749125 
59		1.480000	0	8	1.313043		0 2 2 3 2 1 1 0 1 0 1 2 0 1 1 1 0 1 2 0 2 1 1 2 2 3 2 2 1 1 8 0 1 3 1 0 1 3 1 1 3 1 3 1 1 1 2 1 1 3 	# -16.374664 0.000309 -0.302395 -0.142417 1.481542 -0.234536 -0.022176 -0.135148 0.511241 -0.019382 
60		0.000000	0	0	0.000000		0 0 0 0 0 0 0 0 0 0 0 0 0 0 0 0 0 0 0 0 0 0 0 0 0 0 0 0 0 0 0 0 0 0 0 0 0 0 0 0 0 0 0 0 0 0 0 0 0 0 	# -5.394184 -0.006292 -0.034909 0.009596 0.148351 -0.990919 -0.005634 0.005916 9.645477 10.486702 
61		1.260000	0	6	1.242282		6 0 3 0 2 2 3 1 1 0 0 2 2 0 0 1 1 2 1 0 1 2 1 1 1 3 0 3 1 3 1 0 2 0 0 0 1 0 2 2 1 1 3 2 1 1 0 3 0 0 	# -15.990494 -0.004518 -0.297854 -0.140485 1.486139 -0.112986 -0.025578 -0.133887 -0.667199 -1.200571 
62		0.000000	0	0	0.000000		0 0 0 0 0 0 0 0 0 0 0 0 0 0 0 0 0 0 0 0 0 0 0 0 0 0 0 0 0 0 0 0 0 0 0 0 0 0 0 0 0 0 0 0 0 0 0 0 0 0 	# -3.910671 -0.004650 -0.035643 0.009295 0.148142 -0.617872 -0.004318 0.005638 5.907961 6.749125 
63		1.460000	0	6	1.593482		3 0 0 0 5 0 0 6 0 3 3 2 1 2 0 1 2 0 0 0 1 1 1 2 3 1 2 0 0 6 0 3 1 0 1 0 1 3 1 0 0 2 3 0 2 2 3 2 0 4 	# -16.374664 0.000309 -0.302395 -0.142417 1.481542 -0.234536 -0.022176 -0.135148 0.511241 -0.019382 
64		0.000000	0	0	0.000000		0 0 0 0 0 0 0 0 0 0 0 0 0 0 0 0 0 0 0 0 0 0 0 0 0 0 0 0 0 0 0 0 0 0 0 0 0 0 0 0 0 0 0 0 0 0 0 0 0 0 	# -5.394184 -0.006292 -0.034909 0.009596 0.148351 -0.990919 -0.005634 0.005916 9.645477 10.486702 
65		1.240000	0	6	1.407850		1 3 2 0 2 4 0 0 0 0 3 1 0 2 1 3 1 2 0 2 0 1 2 0 1 1 1 3 0 4 3 1 0 0 1 0 0 0 6 2 0 4 0 0 1 0 1 0 1 2 	# -15.990494 -0.004518 -0.297854 -0.140485 1.486139 -0.112986 -0.025578 -0.133887 -0.667199 -1.200571 
66		0.020000	0	1	0.141421		0 0 0 0 0 0 0 0 0 0 0 0 0 0 0 1 0 0 0 0 0 0 0 0 0 0 0 0 0 0 0 0 0 0 0 0 0 0 0 0 0 0 0 0 0 0 0 0 0 0 	# -3.910671 -0.004650 -0.035643 0.009295 0.148142 -0.617872 -0.004318 0.005638 5.907961 6.749125 
67		1.200000	0	5	1.212183		2 0 4 2 0 1 0 2 0 0 1 2 0 2 2 1 1 1 0 1 2 1 3 1 1 4 0 0 1 1 2 1 1 1 1 0 0 0 1 1 3 4 1 0 1 1 0 5 1 0 	# -16.374664 0.000309 -0.302395 -0.142417 1.481542 -0.234536 -0.022176 -0.135148 0.511241 -0.019382 
68		0.000000	0	0	0.000000		0 0 0 0 0 0 0 0 0 0 0 0 0 0 0 0 0 0 0 0 0 0 0 0 0 0 0 0 0 0 0 0 0 0 0 0 0 0 0 0 0 0 0 0 0 0 0 0 0 0 	# -5.394184 -0.006292 -0.034909 0.009596 0.148351 -0.990919 -0.005634 0.005916 9.645477 10.486702 
69		1.060000	0	3	1.038248		0 1 1 2 0 2 0 2 1 1 0 0 1 0 3 2 2 2 2 0 0 2 2 1 1 0 1 2 0 0 1 0 0 0 0 2 3 1 3 0 1 0 0 0 0 3 1 2 3 2 	# -15.990494 -0.004518 -0.297854 -0.140485 1.486139 -0.112986 -0.025578 -0.133887 -0.667199 -1.200571 
70		0.000000	0	0	0.000000		0 0 0 0 0 0 0 0 0 0 0 0 0 0 0 0 0 0 0 0 0 0 0 0 0 0 0 0 0 0 0 0 0 0 0 0 0 0 0 0 0 0 0 0 0 0 0 0 0 0 	# -3.910671 -0.004650 -0.035643 0.009295 0.148142 -0.617872 -0.004318 0.005638 5.907961 6.749125 
71		0.980000	0	5	1.133713		2 1 1 0 0 1 1 0 1 1 1 3 0 3 1 1 1 0 2 0 0 0 0 0 2 2 0 0 1 2 0 5 2 0 3 1 0 0 0 1 0 0 0 0 0 2 1 2 3 2 	# -16.374664 0.000309 -0.302395 -0.142417 1.481542 -0.234536 -0.022176 -0.135148 0.511241 -0.019382 
72		0.060000	0	2	0.313636		0 0 0 0 0 0 0 0 0 0 0 0 0 0 0 0 0 2 0 0 0 0 0 0 0 0 0 0 1 0 0 0 0 0 0 0 0 0 0 0 0 0 0 0 0 0 0 0 0 0 	# -5.394184 -0.006292 -0.034909 0.009596 0.148351 -0.990919 -0.005634 0.005916 9.645477 10.486702 
73		1.260000	0	5	1.337222		2 0 5 3 2 1 3 0 4 0 1 1 1 1 1 0 0 2 2 2 1 1 0 5 0 0 2 2 2 3 1 0 0 1 0 2 0 0 0 1 3 2 2 0 0 0 0 0 3 1 	# -15.990494 -0.004518 -0.297854 -0.140485 1.486139 -0.112986 -0.025578 -0.133887 -0.667199 -1.200571 
74		0.060000	0	3	0.424264		0 0 0 0 0 0 0 0 0 0 0 0 0 0 0 0 0 0 0 0 0 0 0 0 0 0 0 0 0 0 0 0 3 0 0 0 0 0 0 0 0 0 0 0 0 0 0 0 0 0 	# -3.910671 -0.004650 -0.035643 0.009295 0.148142 -0.617872 -0.004318 0.005638 5.907961 6.749125 
75		1.400000	0	5	1.245400		3 1 3 1 4 2 0 2 2 1 0 5 4 2 3 1 0 1 1 3 2 1 0 2 2 0 0 1 0 1 1 1 0 0 2 0 2 0 1 1 0 0 2 1 1 3 3 2 0 2 	# -16.374664 0.000309 -0.302395 -0.142417 1.481542 -0.234536 -0.022176 -0.135148 0.511241 -0.019382 
76		0.060000	0	1	0.239898		0 1 0 0 0 0 0 0 0 0 0 0 0 0 0 0 0 0 0 0 0 0 0 0 0 0 1 0 0 0 0 0 0 0 0 0 0 0 0 0 0 0 0 0 0 0 0 0 1 0 	# -5.394184 -0.006292 -0.034909 0.009596 0.148351 -0.990919 -0.005634 0.005916 9.645477 10.486702 
77		1.520000	0	7	1.681108		2 2 2 0 0 5 2 4 2 1 0 0 0 0 0 1 2 0 1 0 5 0 1 4 2 3 1 0 2 0 0 1 2 1 0 0 1 1 2 1 0 2 3 4 3 5 0 1 7 0 	# -15.990494 -0.004518 -0.297854 -0.140485 1.486139 -0.112986 -0.025578 -0.133887 -0.667199 -1.200571 
78		0.040000	0	2	0.282843		0 0 0 0 0 0 0 0 0 0 0 0 0 0 0 0 0 0 0 0 0 0 2 0 0 0 0 0 0 0 0 0 0 0 0 0 0 0 0 0 0 0 0 0 0 0 0 0 0 0 	# -3.910671 -0.004650 -0.035643 0.009295 0.148142 -0.617872 -0.004318 0.005638 5.907961 6.749125 
79		1.680000	0	10	1.984018		1 3 1 4 0 3 0 6 2 1 0 3 2 2 4 1 1 0 2 2 1 4 0 5 3 0 0 0 0 1 1 0 0 0 0 1 3 5 0 3 1 1 3 1 2 0 1 0 10 0 	# -16.374664 0.000309 -0.302395 -0.142417 1.481542 -0.234536 -0.022176 -0.135148 0.511241 -0.019382 
80		0.180000	0	5	0.800255		0 0 0 0 0 0 0 0 0 0 0 2 0 0 0 0 0 0 0 0 0 0 0 0 0 5 0 0 0 0 0 0 0 0 0 2 0 0 0 0 0 0 0 0 0 0 0 0 0 0 	# -5.394184 -0.006292 -0.034909 0.009596 0.148351 -0.990919 -0.005634 0.005916 9.645477 10.486702 
81		1.400000	0	7	1.538619		1 3 2 0 1 1 0 4 2 1 1 3 7 1 1 1 0 1 0 0 1 1 0 1 0 2 0 2 3 2 2 1 1 0 2 0 1 2 1 6 5 0 1 0 1 3 0 1 0 1 	# -15.990494 -0.004518 -0.297854 -0.140485 1.486139 -0.112986 -0.025578 -0.133887 -0.667199 -1.200571 
82		0.120000	0	6	0.848528		0 6 0 0 0 0 0 0 0 0 0 0 0 0 0 0 0 0 0 0 0 0 0 0 0 0 0 0 0 0 0 0 0 0 0 0 0 0 0 0 0 0 0 0 0 0 0 0 0 0 	# -3.910671 -0.004650 -0.035643 0.009295 0.148142 -0.617872 -0.004318 0.005638 5.907961 6.749125 
83		1.600000	0	5	1.726149		0 0 0 1 3 4 0 5 0 2 1 1 1 1 1 2 0 2 4 3 0 5 1 0 0 1 4 0 5 0 3 0 4 1 0 0 1 0 1 0 4 0 2 2 5 0 1 3 1 5 	# -16.374664 0.000309 -0.302395 -0.142417 1.481542 -0.234536 -0.022176 -0.135148 0.511241 -0.019382 
84		0.020000	0	1	0.141421		0 0 0 0 0 0 0 0 0 0 0 0 0 0 0 0 0 0 0 0 0 0 0 0 0 0 0 0 0 1 0 0 0 0 0 0 0 0 0 0 0 0 0 0 0 0 0 0 0 0 	# -5.394184 -0.006292 -0.034909 0.009596 0.148351 -0.990919 -0.005634 0.005916 9.645477 10.486702 
85		1.140000	0	5	1.069236		2 1 0 0 0 3 2 0 0 3 1 2 1 0 0 1 1 0 3 2 1 2 2 0 0 0 0 1 1 1 1 1 1 2 1 1 1 5 1 2 0 2 1 1 1 0 1 2 3 0 	# -15.990494 -0.004518 -0.297854 -0.140485 1.486139 -0.112986 -0.025578 -0.133887 -0.667199 -1.200571 
86		0.020000	0	1	0.141421		0 0 0 0 0 0 0 0 0 0 0 0 0 0 0 0 0 0 0 0 0 0 0 0 0 0 0 0 0 0 0 0 0 0 0 0 0 0 0 0 0 0 0 0 0 0 0 0 0 1 	# -3.910671 -0.004650 -0.035643 0.009295 0.148142 -0.617872 -0.004318 0.005638 5.907961 6.749125 
87		1.140000	0	5	1.293784		0 1 0 0 1 1 2 1 0 0 0 4 0 5 1 1 0 3 1 0 1 2 0 1 1 1 4 0 3 0 2 3 2 1 1 0 0 0 0 1 0 1 0 0 1 2 3 1 4 1 	# -16.374664 0.000309 -0.302395 -0.142417 1.481542 -0.234536 -0.022176 -0.135148 0.511241 -0.019382 
88		0.000000	0	0	0.000000		0 0 0 0 0 0 0 0 0 0 0 0 0 0 0 0 0 0 0 0 0 0 0 0 0 0 0 0 0 0 0 0 0 0 0 0 0 0 0 0 0 0 0 0 0 0 0 0 0 0 	# -5.394184 -0.006292 -0.034909 0.009596 0.148351 -0.990919 -0.005634 0.005916 9.645477 10.486702 
89		1.260000	0	6	1.411469		0 2 0 2 2 2 1 5 0 0 1 2 0 1 2 0 1 1 1 0 1 0 1 2 0 0 1 0 0 5 0 6 3 3 3 1 1 2 2 0 1 1 1 0 2 0 0 3 0 1 	# -15.990494 -0.004518 -0.297854 -0.140485 1.486139 -0.112986 -0.025578 -0.133887 -0.667199 -1.200571 
90		0.000000	0	0	0.000000		0 0 0 0 0 0 0 0 0 0 0 0 0 0 0 0 0 0 0 0 0 0 0 0 0 0 0 0 0 0 0 0 0 0 0 0 0 0 0 0 0 0 0 0 0 0 0 0 0 0 	# -3.910671 -0.004650 -0.035643 0.009295 0.148142 -0.617872 -0.004318 0.005638 5.907961 6.749125 
91		1.360000	0	8	1.587708		0 3 0 3 2 1 3 0 0 3 0 0 0 0 0 2 2 2 0 1 2 1 0 1 3 2 0 1 0 1 1 2 1 0 3 2 0 0 0 1 1 3 0 8 5 0 1 1 2 4 	# -16.374664 0.000309 -0.302395 -0.142417 1.481542 -0.234536 -0.022176 -0.135148 0.511241 -0.019382 
92		0.000000	0	0	0.000000		0 0 0 0 0 0 0 0 0 0 0 0 0 0 0 0 0 0 0 0 0 0 0 0 0 0 0 0 0 0 0 0 0 0 0 0 0 0 0 0 0 0 0 0 0 0 0 0 0 0 	# -5.394184 -0.006292 -0.034909 0.009596 0.148351 -0.990919 -0.005634 0.005916 9.645477 10.486702 
93		1.140000	0	5	1.229070		1 0 1 1 1 2 1 0 0 2 3 1 2 3 4 0 1 0 1 0 2 2 0 2 0 1 1 1 1 0 2 0 1 5 1 0 1 0 0 1 0 5 1 0 2 0 1 0 1 2 	# -15.990494 -0.004518 -0.297854 -0.140485 1.486139 -0.112986 -0.025578 -0.133887 -0.667199 -1.200571 
94		0.100000	0	5	0.707107		0 0 0 0 0 0 0 0 0 0 0 0 0 0 0 0 0 0 0 0 0 0 0 0 5 0 0 0 0 0 0 0 0 0 0 0 0 0 0 0 0 0 0 0 0 0 0 0 0 0 	# -3.910671 -0.004650 -0.035643 0.009295 0.148142 -0.617872 -0.004318 0.005638 5.907961 6.749125 
95		1.600000	0	7	1.498298		4 3 1 0 4 2 2 0 2 1 4 3 3 1 4 1 0 2 0 0 2 0 1 0 0 3 1 1 1 1 4 1 2 1 0 2 2 3 2 2 0 1 0 1 0 7 3 1 1 0 	# -16.374664 0.000309 -0.302395 -0.142417 1.481542 -0.234536 -0.022176 -0.135148 0.511241 -0.019382 
96		0.020000	0	1	0.141421		0 0 0 0 0 0 0 0 0 0 0 0 0 0 0 0 0 0 0 0 0 0 0 0 0 0 0 0 0 0 1 0 0 0 0 0 0 0 0 0 0 0 0 0 0 0 0 0 0 0 	# -5.394184 -0.006292 -0.034909 0.009596 0.148351 -0.990919 -0.005634 0.005916 9.645477 10.486702 
97		1.340000	0	6	1.422989		0 0 0 0 0 2 2 0 1 1 2 2 2 1 0 2 1 1 0 4 2 0 1 2 0 3 0 3 0 0 2 1 2 1 1 3 2 6 4 1 0 3 0 0 2 5 0 1 1 0 	# -15.990494 -0.004518 -0.297854 -0.140485 1.486139 -0.112986 -0.025578 -0.133887 -0.667199 -1.200571 
98		0.020000	0	1	0.141421		0 0 0 0 0 0 0 0 0 0 0 0 1 0 0 0 0 0 0 0 0 0 0 0 0 0 0 0 0 0 0 0 0 0 0 0 0 0 0 0 0 0 0 0 0 0 0 0 0 0 	# -3.910671 -0.004650 -0.035643 0.009295 0.148142 -0.617872 -0.004318 0.005638 5.907961 6.749125 
99		1.120000	0	5	1.287935		0 1 0 1 5 3 0 2 0 1 1 0 1 4 1 3 1 1 1 1 0 1 4 3 3 0 0 0 1 4 3 1 0 0 1 0 1 0 1 1 1 1 0 0 0 1 1 1 0 0 	# -16.374664 0.000309 -0.302395 -0.142417 1.481542 -0.234536 -0.022176 -0.135148 0.511241 -0.019382 
100		0.000000	0	0	0.000000		0 0 0 0 0 0 0 0 0 0 0 0 0 0 0 0 0 0 0 0 0 0 0 0 0 0 0 0 0 0 0 0 0 0 0 0 0 0 0 0 0 0 0 0 0 0 0 0 0 0 	# -5.394184 -0.006292 -0.034909 0.009596 0.148351 -0.990919 -0.005634 0.005916 9.645477 10.486702 
101		1.460000	0	4	1.181663		1 1 2 3 2 0 0 3 0 4 1 0 3 0 2 1 3 4 0 2 0 3 1 0 3 1 3 1 1 2 0 0 3 2 2 1 1 0 2 2 2 1 2 1 0 0 1 1 2 3 	# -15.990494 -0.004518 -0.297854 -0.140485 1.486139 -0.112986 -0.025578 -0.133887 -0.667199 -1.200571 
102		0.020000	0	1	0.141421		0 0 0 0 0 0 0 0 0 0 0 0 0 0 0 0 0 0 0 0 0 0 0 0 0 0 0 0 0 0 0 0 0 0 0 0 0 0 0 0 0 0 0 0 0 0 1 0 0 0 	# -3.910671 -0.004650 -0.035643 0.009295 0.148142 -0.617872 -0.004318 0.005638 5.907961 6.749125 
103		1.420000	0	6	1.472053		2 0 0 1 0 4 0 2 3 1 3 5 2 1 0 3 4 0 4 1 0 0 1 2 1 1 6 0 1 0 2 1 2 0 2 3 2 1 1 3 0 2 0 0 1 0 1 2 0 0 	# -16.374664 0.000309 -0.302395 -0.142417 1.481542 -0.234536 -0.022176 -0.135148 0.511241 -0.019382 
104		0.000000	0	0	0.000000		0 0 0 0 0 0 0 0 0 0 0 0 0 0 0 0 0 0 0 0 0 0 0 0 0 0 0 0 0 0 0 0 0 0 0 0 0 0 0 0 0 0 0 0 0 0 0 0 0 0 	# -5.394184 -0.006292 -0.034909 0.009596 0.148351 -0.990919 -0.005634 0.005916 9.645477 10.486702 
105		1.100000	0	7	1.403349		0 1 0 1 1 0 4 2 0 0 0 0 0 1 2 2 1 1 7 1 0 2 0 1 0 1 4 1 0 0 0 0 1 1 2 0 1 0 0 0 1 3 2 2 1 0 2 0 4 2 	# -15.990494 -0.004518 -0.297854 -0.140485 1.486139 -0.112986 -0.025578 -0.133887 -0.667199 -1.200571 
106		0.000000	0	0	0.000000		0 0 0 0 0 0 0 0 0 0 0 0 0 0 0 0 0 0 0 0 0 0 0 0 0 0 0 0 0 0 0 0 0 0 0 0 0 0 0 0 0 0 0 0 0 0 0 0 0 0 	# -3.910671 -0.004650 -0.035643 0.009295 0.148142 -0.617872 -0.004318 0.005638 5.907961 6.749125 
107		0.980000	0	4	1.039819		0 0 2 1 2 4 2 0 0 0 1 0 0 0 0 2 1 0 2 1 2 2 0 1 0 1 1 1 1 2 1 2 3 0 0 1 1 1 2 0 0 3 0 0 0 3 0 1 2 0 	# -16.374664 0.000309 -0.302395 -0.142417 1.481542 -0.234536 -0.022176 -0.135148 0.511241 -0.019382 
108		0.000000	0	0	0.000000		0 0 0 0 0 0 0 0 0 0 0 0 0 0 0 0 0 0 0 0 0 0 0 0 0 0 0 0 0 0 0 0 0 0 0 0 0 0 0 0 0 0 0 0 0 0 0 0 0 0 	# -5.394184 -0.006292 -0.034909 0.009596 0.148351 -0.990919 -0.005634 0.005916 9.645477 10.486702 
109		1.400000	0	6	1.324803		3 2 1 1 0 0 0 3 0 1 1 1 1 0 1 2 2 2 3 0 2 0 2 2 1 0 0 2 3 2 4 0 0 2 1 1 0 6 1 1 2 1 0 4 0 4 2 1 1 1 	# -15.990494 -0.004518 -0.297854 -0.140485 1.486139 -0.112986 -0.025578 -0.133887 -0.667199 -1.200571 
110		0.020000	0	1	0.141421		0 0 0 0 0 0 0 0 0 0 0 0 0 0 0 0 0 0 0 0 1 0 0 0 0 0 0 0 0 0 0 0 0 0 0 0 0 0 0 0 0 0 0 0 0 0 0 0 0 0 	# -3.910671 -0.004650 -0.035643 0.009295 0.148142 -0.617872 -0.004318 0.005638 5.907961 6.749125 
111		1.060000	0	6	1.315682		1 0 0 0 2 2 2 0 1 1 5 3 3 1 0 0 1 1 2 3 1 0 2 0 0 0 1 1 0 0 0 0 0 1 1 0 2 0 2 2 0 0 1 1 0 0 2 6 2 0 	# -16.374664 0.000309 -0.302395 -0.142417 1.481542 -0.234536 -0.022176 -0.135148 0.511241 -0.019382 
112		0.060000	0	2	0.313636		0 0 0 0 0 0 0 0 0 0 0 2 0 0 0 0 0 0 0 0 0 1 0 0 0 0 0 0 0 0 0 0 0 0 0 0 0 0 0 0 0 0 0 0 0 0 0 0 0 0 	# -5.394184 -0.006292 -0.034909 0.009596 0.148351 -0.990919 -0.005634 0.005916 9.645477 10.486702 
113		1.020000	0	5	1.269581		1 4 2 1 0 2 1 1 0 1 1 0 0 0 0 2 0 0 1 0 0 2 2 2 0 4 1 1 0 2 1 4 0 0 1 0 0 0 3 1 0 0 0 2 0 0 5 2 1 0 	# -15.990494 -0.004518 -0.297854 -0.140485 1.486139 -0.112986 -0.025578 -0.133887 -0.667199 -1.200571 
114		0.000000	0	0	0.000000		0 0 0 0 0 0 0 0 0 0 0 0 0 0 0 0 0 0 0 0 0 0 0 0 0 0 0 0 0 0 0 0 0 0 0 0 0 0 0 0 0 0 0 0 0 0 0 0 0 0 	# -3.910671 -0.004650 -0.035643 0.009295 0.148142 -0.617872 -0.004318 0.005638 5.907961 6.749125 
115		1.440000	0	6	1.643292		3 0 0 1 1 3 0 0 4 2 3 1 3 0 0 1 5 5 0 2 0 1 0 1 0 0 0 0 1 1 6 0 2 0 2 1 5 3 0 0 0 0 1 2 3 2 2 0 1 4 	# -16.374664 0.000309 -0.302395 -0.142417 1.481542 -0.234536 -0.022176 -0.135148 0.511241 -0.019382 
116		0.160000	0	6	0.888934		0 0 0 0 0 2 0 0 0 0 0 0 0 0 0 0 0 0 0 0 0 0 0 6 0 0 0 0 0 0 0 0 0 0 0 0 0 0 0 0 0 0 0 0 0 0 0 0 0 0 	# -5.394184 -0.006292 -0.034909 0.009596 0.148351 -0.990919 -0.005634 0.005916 9.645477 10.486702 
117		1.380000	0	6	1.455321		4 3 1 0 1 0 0 0 2 0 0 2 1 5 0 0 2 1 3 1 0 1 2 3 2 0 0 1 6 4 0 2 1 0 2 1 3 2 1 1 0 0 0 3 2 2 0 3 1 0 	# -15.990494 -0.004518 -0.297854 -0.140485 1.486139 -0.112986 -0.025578 -0.133887 -0.667199 -1.200571 
118		0.000000	0	0	0.000000		0 0 0 0 0 0 0 0 0 0 0 0 0 0 0 0 0 0 0 0 0 0 0 0 0 0 0 0 0 0 0 0 0 0 0 0 0 0 0 0 0 0 0 0 0 0 0 0 0 0 	# -3.910671 -0.004650 -0.035643 0.009295 0.148142 -0.617872 -0.004318 0.005638 5.907961 6.749125 
119		1.200000	0	6	1.442786		1 1 2 0 2 2 0 0 3 1 0 1 1 0 0 2 1 2 4 1 0 0 6 1 0 1 2 1 0 0 2 1 0 2 0 1 1 0 6 0 1 0 2 0 0 3 4 1 0 1 	# -16.374664 0.000309 -0.302395 -0.142417 1.481542 -0.234536 -0.022176 -0.135148 0.511241 -0.019382 
120		0.000000	0	0	0.000000		0 0 0 0 0 0 0 0 0 0 0 0 0 0 0 0 0 0 0 0 0 0 0 0 0 0 0 0 0 0 0 0 0 0 0 0 0 0 0 0 0 0 0 0 0 0 0 0 0 0 	# -5.394184 -0.006292 -0.034909 0.009596 0.148351 -0.990919 -0.005634 0.005916 9.645477 10.486702 
121		1.260000	0	6	1.536096		0 2 1 1 4 0 3 4 1 4 0 1 5 1 0 1 0 6 0 4 1 0 1 0 1 2 3 0 1 1 0 1 2 2 0 0 0 0 0 1 0 0 0 2 1 0 4 1 1 0 	# -15.990494 -0.004518 -0.297854 -0.140485 1.486139 -0.112986 -0.025578 -0.133887 -0.667199 -1.200571 
122		0.000000	0	0	0.000000		0 0 0 0 0 0 0 0 0 0 0 0 0 0 0 0 0 0 0 0 0 0 0 0 0 0 0 0 0 0 0 0 0 0 0 0 0 0 0 0 0 0 0 0 0 0 0 0 0 0 	# -3.910671 -0.004650 -0.035643 0.009295 0.148142 -0.617872 -0.004318 0.005638 5.907961 6.749125 
123		0.940000	0	5	0.977502		2 2 0 1 0 1 1 1 1 0 0 1 2 0 0 0 1 1 0 0 0 2 1 0 2 0 2 0 1 2 1 0 1 0 0 2 3 1 1 1 1 1 5 1 2 1 0 0 1 1 	# -16.374664 0.000309 -0.302395 -0.142417 1.481542 -0.234536 -0.022176 -0.135148 0.511241 -0.019382 
124		0.060000	0	3	0.424264		0 3 0 0 0 0 0 0 0 0 0 0 0 0 0 0 0 0 0 0 0 0 0 0 0 0 0 0 0 0 0 0 0 0 0 0 0 0 0 0 0 0 0 0 0 0 0 0 0 0 	# -5.394184 -0.006292 -0.034909 0.009596 0.148351 -0.990919 -0.005634 0.005916 9.645477 10.486702 
125		1.140000	0	5	1.324957		0 2 0 3 1 2 4 3 1 1 0 0 1 1 0 2 1 1 0 1 0 0 4 0 1 5 2 1 0 1 5 3 0 1 0 1 2 1 0 1 0 1 0 2 0 0 0 1 0 1 	# -15.990494 -0.004518 -0.297854 -0.140485 1.486139 -0.112986 -0.025578 -0.133887 -0.667199 -1.200571 
126		0.060000	0	3	0.424264		0 0 0 0 0 0 0 0 0 0 0 0 0 0 0 0 0 0 0 0 0 3 0 0 0 0 0 0 0 0 0 0 0 0 0 0 0 0 0 0 0 0 0 0 0 0 0 0 0 0 	# -3.910671 -0.004650 -0.035643 0.009295 0.148142 -0.617872 -0.004318 0.005638 5.907961 6.749125 
127		0.800000	0	4	1.106567		0 0 3 0 0 0 1 4 1 0 4 1 0 0 1 1 0 2 1 3 0 0 0 0 0 0 0 0 0 2 1 0 1 1 0 1 2 3 1 0 0 1 0 2 0 0 0 1 2 0 	# -16.374664 0.000309 -0.302395 -0.142417 1.481542 -0.234536 -0.022176 -0.135148 0.511241 -0.019382 
128		0.000000	0	0	0.000000		0 0 0 0 0 0 0 0 0 0 0 0 0 0 0 0 0 0 0 0 0 0 0 0 0 0 0 0 0 0 0 0 0 0 0 0 0 0 0 0 0 0 0 0 0 0 0 0 0 0 	# -5.394184 -0.006292 -0.034909 0.009596 0.148351 -0.990919 -0.005634 0.005916 9.645477 10.486702 
129		1.040000	0	4	1.009344		2 0 1 0 1 0 0 2 0 1 1 2 3 1 1 1 0 1 1 2 1 0 1 0 2 0 3 0 2 4 1 1 0 0 1 1 1 0 1 1 2 2 0 1 0 0 4 1 1 1 	# -15.990494 -0.004518 -0.297854 -0.140485 1.486139 -0.112986 -0.025578 -0.133887 -0.667199 -1.200571 
130		0.080000	0	4	0.565685		0 0 0 0 0 0 0 0 0 0 0 0 0 0 0 0 0 4 0 0 0 0 0 0 0 0 0 0 0 0 0 0 0 0 0 0 0 0 0 0 0 0 0 0 0 0 0 0 0 0 	# -3.910671 -0.004650 -0.035643 0.009295 0.148142 -0.617872 -0.004318 0.005638 5.907961 6.749125 
131		1.000000	0	5	1.195229		2 0 0 1 1 2 1 0 0 4 1 1 1 1 2 1 2 1 0 0 1 0 0 1 0 0 2 1 0 1 1 2 0 0 1 1 0 5 2 2 0 0 1 1 0 0 5 0 0 2 	# -16.374664 0.000309 -0.302395 -0.142417 1.481542 -0.234536 -0.022176 -0.135148 0.511241 -0.019382 
132		0.020000	0	1	0.141421		0 0 0 0 0 0 0 0 0 0 0 0 0 0 0 0 0 0 0 0 0 0 0 0 0 0 0 0 0 0 0 0 0 0 0 0 0 0 0 0 0 0 0 0 0 0 0 0 0 1 	# -5.394184 -0.006292 -0.034909 0.009596 0.148351 -0.990919 -0.005634 0.005916 9.645477 10.486702 
133		1.180000	0	7	1.365613		0 0 0 1 1 0 0 1 0 1 0 4 0 2 0 2 2 1 1 2 2 0 2 2 0 1 0 3 1 0 2 2 1 4 1 0 1 3 1 0 2 2 0 1 0 7 0 2 0 1 	# -15.990494 -0.004518 -0.297854 -0.140485 1.486139 -0.112986 -0.025578 -0.133887 -0.667199 -1.200571 
134		0.140000	0	7	0.989949		0 0 0 0 0 0 0 0 0 7 0 0 0 0 0 0 0 0 0 0 0 0 0 0 0 0 0 0 0 0 0 0 0 0 0 0 0 0 0 0 0 0 0 0 0 0 0 0 0 0 	# -3.910671 -0.004650 -0.035643 0.009295 0.148142 -0.617872 -0.004318 0.005638 5.907961 6.749125 
135		1.300000	0	4	1.249490		1 2 0 0 1 4 4 0 2 2 3 2 1 2 2 1 1 4 2 0 1 0 3 0 1 0 0 3 0 3 0 1 3 1 3 0 1 0 1 3 1 0 0 0 1 0 1 0 2 2 	# -16.374664 0.000309 -0.302395 -0.142417 1.481542 -0.234536 -0.022176 -0.135148 0.511241 -0.019382 
136		0.080000	0	3	0.444467		0 0 0 0 0 0 0 0 0 0 0 0 0 0 0 0 0 0 0 0 0 0 0 0 0 1 0 0 0 0 0 0 0 0 0 0 0 0 0 3 0 0 0 0 0 0 0 0 0 0 	# -5.394184 -0.006292 -0.034909 0.009596 0.148351 -0.990919 -0.005634 0.005916 9.645477 10.486702 
137		1.360000	0	6	1.351643		0 2 2 0 0 3 3 3 2 2 1 1 1 4 2 1 0 0 0 2 2 2 1 1 0 0 1 3 4 1 0 6 1 0 2 0 0 1 1 3 1 1 1 4 1 0 1 1 0 0 	# -15.990494 -0.004518 -0.297854 -0.140485 1.486139 -0.112986 -0.025578 -0.133887 -0.667199 -1.200571 
138		0.040000	0	2	0.282843		0 0 0 0 0 0 0 0 0 0 0 0 0 0 0 0 0 0 0 0 0 0 0 0 0 0 0 0 0 0 0 0 0 0 0 0 0 0 0 0 0 0 2 0 0 0 0 0 0 0 	# -3.910671 -0.004650 -0.035643 0.009295 0.148142 -0.617872 -0.004318 0.005638 5.907961 6.749125 
139		1.140000	0	5	1.212351		0 1 1 2 1 2 1 0 1 3 0 3 3 0 0 0 2 2 1 0 3 1 1 1 1 1 2 0 0 1 0 0 0 0 2 0 0 0 0 0 2 0 3 2 1 1 4 1 5 2 	# -16.374664 0.000309 -0.302395 -0.142417 1.481542 -0.234536 -0.022176 -0.135148 0.511241 -0.019382 
140		0.260000	0	5	1.046081		0 0 0 0 0 0 0 0 0 0 0 0 0 0 0 0 0 0 0 0 0 4 0 0 0 0 0 0 5 0 0 0 0 0 0 0 0 0 0 0 0 0 0 0 0 0 4 0 0 0 	# -5.394184 -0.006292 -0.034909 0.009596 0.148351 -0.990919 -0.005634 0.005916 9.645477 10.486702 
141		1.420000	0	9	1.750685		2 3 1 1 1 1 1 0 2 0 1 0 0 3 4 1 0 0 0 3 2 1 1 1 0 1 0 1 0 0 9 2 0 1 3 7 4 2 1 2 1 1 0 0 3 0 1 1 1 1 	# -15.990494 -0.004518 -0.297854 -0.140485 1.486139 -0.112986 -0.025578 -0.133887 -0.667199 -1.200571 
142		0.020000	0	1	0.141421		0 0 0 0 0 0 0 0 0 0 0 0 0 0 0 0 0 0 0 0 0 0 0 0 0 0 0 1 0 0 0 0 0 0 0 0 0 0 0 0 0 0 0 0 0 0 0 0 0 0 	# -3.910671 -0.004650 -0.035643 0.009295 0.148142 -0.617872 -0.004318 0.005638 5.907961 6.749125 
143		1.480000	0	6	1.541799		1 1 0 0 5 0 0 2 0 6 6 0 2 0 1 3 1 0 1 2 0 1 1 2 0 0 2 3 2 3 3 2 1 1 0 2 4 1 0 4 1 2 0 2 0 2 1 1 2 0 	# -16.374664 0.000309 -0.302395 -0.142417 1.481542 -0.234536 -0.022176 -0.135148 0.511241 -0.019382 
144		0.100000	0	4	0.580288		0 0 1 0 0 0 0 0 4 0 0 0 0 0 0 0 0 0 0 0 0 0 0 0 0 0 0 0 0 0 0 0 0 0 0 0 0 0 0 0 0 0 0 0 0 0 0 0 0 0 	# -5.394184 -0.006292 -0.034909 0.009596 0.148351 -0.990919 -0.005634 0.005916 9.645477 10.486702 
145		1.400000	0	6	1.551826		3 0 1 1 2 3 1 2 0 1 0 2 0 2 1 1 1 2 0 0 5 0 3 1 0 2 4 4 1 2 0 5 2 1 3 0 0 3 0 0 0 1 0 0 3 0 0 6 0 1 	# -15.990494 -0.004518 -0.297854 -0.140485 1.486139 -0.112986 -0.025578 -0.133887 -0.667199 -1.200571 
146		0.160000	0	5	0.817163		3 0 0 0 0 0 0 0 0 0 0 0 0 0 0 0 0 0 0 0 0 0 0 0 0 0 0 0 0 0 0 0 0 0 0 0 0 0 0 5 0 0 0 0 0 0 0 0 0 0 	# -3.910671 -0.004650 -0.035643 0.009295 0.148142 -0.617872 -0.004318 0.005638 5.907961 6.749125 
147		0.960000	0	3	0.924938		0 1 2 0 0 2 0 1 1 0 0 2 1 0 2 0 3 2 1 1 3 1 1 0 0 2 2 0 0 1 1 1 0 0 1 2 2 1 1 2 0 0 2 1 1 0 1 0 3 0 	# -16.374664 0.000309 -0.302395 -0.142417 1.481542 -0.234536 -0.022176 -0.135148 0.511241 -0.019382 
148		0.040000	0	2	0.282843		0 0 0 0 0 0 0 2 0 0 0 0 0 0 0 0 0 0 0 0 0 0 0 0 0 0 0 0 0 0 0 0 0 0 0 0 0 0 0 0 0 0 0 0 0 0 0 0 0 0 	# -5.394184 -0.006292 -0.034909 0.009596 0.148351 -0.990919 -0.005634 0.005916 9.645477 10.486702 
149		1.760000	0	10	1.954169		2 0 1 1 1 0 1 2 1 2 2 0 4 3 0 2 7 2 0 1 2 2 3 0 4 1 6 1 2 3 2 5 0 1 10 0 1 0 1 2 0 3 0 2 1 1 1 1 0 1 	# -15.990494 -0.004518 -0.297854 -0.140485 1.486139 -0.112986 -0.025578 -0.133887 -0.667199 -1.200571 
150		0.000000	0	0	0.000000		0 0 0 0 0 0 0 0 0 0 0 0 0 0 0 0 0 0 0 0 0 0 0 0 0 0 0 0 0 0 0 0 0 0 0 0 0 0 0 0 0 0 0 0 0 0 0 0 0 0 	# -3.910671 -0.004650 -0.035643 0.009295 0.148142 -0.617872 -0.004318 0.005638 5.907961 6.749125 
151		1.220000	0	7	1.474823		3 1 1 0 4 0 1 0 2 0 5 2 3 2 0 0 0 0 1 0 7 1 0 2 2 0 1 1 0 1 3 0 1 3 2 2 1 0 1 1 0 0 3 0 1 1 0 0 2 0 	# -16.374664 0.000309 -0.302395 -0.142417 1.481542 -0.234536 -0.022176 -0.135148 0.511241 -0.019382 
152		0.060000	0	1	0.239898		1 0 0 0 0 0 0 0 0 0 0 0 0 0 0 0 0 0 0 0 0 0 0 0 0 0 0 0 0 1 0 1 0 0 0 0 0 0 0 0 0 0 0 0 0 0 0 0 0 0 	# -5.394184 -0.006292 -0.034909 0.009596 0.148351 -0.990919 -0.005634 0.005916 9.645477 10.486702 
153		1.240000	0	5	1.333401		4 1 2 1 3 5 1 0 2 1 1 0 0 0 1 1 5 1 2 0 0 1 1 0 0 2 2 2 1 1 4 2 2 2 0 3 3 1 0 0 2 0 0 0 0 0 1 1 0 0 	# -15.990494 -0.004518 -0.297854 -0.140485 1.486139 -0.112986 -0.025578 -0.133887 -0.667199 -1.200571 
154		0.160000	0	5	0.817163		0 0 0 0 0 0 0 0 0 0 0 0 0 0 3 0 0 0 0 0 0 0 0 0 0 5 0 0 0 0 0 0 0 0 0 0 0 0 0 0 0 0 0 0 0 0 0 0 0 0 	# -3.910671 -0.004650 -0.035643 0.009295 0.148142 -0.617872 -0.004318 0.005638 5.907961 6.749125 
155		1.360000	0	4	1.241461		2 0 2 0 3 0 2 4 2 3 2 0 1 2 1 0 1 1 1 1 1 0 4 2 1 0 2 2 0 4 0 0 4 3 0 0 3 1 0 0 1 1 3 1 2 0 1 1 2 1 	# -16.374664 0.000309 -0.302395 -0.142417 1.481542 -0.234536 -0.022176 -0.135148 0.511241 -0.019382 
156		0.000000	0	0	0.000000		0 0 0 0 0 0 0 0 0 0 0 0 0 0 0 0 0 0 0 0 0 0 0 0 0 0 0 0 0 0 0 0 0 0 0 0 0 0 0 0 0 0 0 0 0 0 0 0 0 0 	# -5.394184 -0.006292 -0.034909 0.009596 0.148351 -0.990919 -0.005634 0.005916 9.645477 10.486702 
157		1.380000	0	6	1.483102		0 0 4 0 1 2 0 3 0 2 1 0 1 3 0 2 3 1 0 3 1 0 0 1 1 1 1 0 1 2 6 0 3 1 1 0 0 2 6 0 2 3 4 0 1 2 1 1 1 1 	# -15.990494 -0.004518 -0.297854 -0.140485 1.486139 -0.112986 -0.025578 -0.133887 -0.667199 -1.200571 
158		0.020000	0	1	0.141421		0 0 0 0 0 0 0 0 0 0 0 1 0 0 0 0 0 0 0 0 0 0 0 0 0 0 0 0 0 0 0 0 0 0 0 0 0 0 0 0 0 0 0 0 0 0 0 0 0 0 	# -3.910671 -0.004650 -0.035643 0.009295 0.148142 -0.617872 -0.004318 0.005638 5.907961 6.749125 
159		1.460000	0	5	1.541401		4 1 2 5 0 2 4 0 0 1 0 4 0 1 4 0 2 0 1 0 0 2 2 1 2 1 5 1 0 1 1 5 0 1 0 1 0 1 0 1 1 0 2 2 2 4 3 3 0 0 	# -16.374664 0.000309 -0.302395 -0.142417 1.481542 -0.234536 -0.022176 -0.135148 0.511241 -0.019382 
160		0.040000	0	2	0.282843		0 0 0 0 0 0 0 0 0 0 0 0 0 0 0 0 0 0 0 0 0 0 0 0 2 0 0 0 0 0 0 0 0 0 0 0 0 0 0 0 0 0 0 0 0 0 0 0 0 0 	# -5.394184 -0.006292 -0.034909 0.009596 0.148351 -0.990919 -0.005634 0.005916 9.645477 10.486702 
161		1.300000	0	5	1.446318		1 2 0 4 0 1 4 0 2 2 3 0 3 0 1 0 0 0 2 1 3 0 0 2 3 0 3 0 4 0 3 0 5 0 1 1 1 1 2 0 1 0 0 0 0 3 3 3 0 0 	# -15.990494 -0.004518 -0.297854 -0.140485 1.486139 -0.112986 -0.025578 -0.133887 -0.667199 -1.200571 
162		0.000000	0	0	0.000000		0 0 0 0 0 0 0 0 0 0 0 0 0 0 0 0 0 0 0 0 0 0 0 0 0 0 0 0 0 0 0 0 0 0 0 0 0 0 0 0 0 0 0 0 0 0 0 0 0 0 	# -3.910671 -0.004650 -0.035643 0.009295 0.148142 -0.617872 -0.004318 0.005638 5.907961 6.749125 
163		1.140000	0	5	1.125040		1 0 0 2 5 3 2 1 2 0 0 2 2 2 1 3 1 1 1 3 0 2 0 2 1 1 2 1 1 1 0 1 3 0 0 0 2 0 0 2 0 1 0 1 2 0 0 0 2 0 	# -16.374664 0.000309 -0.302395 -0.142417 1.481542 -0.234536 -0.022176 -0.135148 0.511241 -0.019382 
164		0.100000	0	5	0.707107		0 0 0 0 0 0 0 0 0 0 0 0 0 0 0 0 0 0 0 0 0 0 0 0 0 0 0 0 0 0 0 5 0 0 0 0 0 0 0 0 0 0 0 0 0 0 0 0 0 0 	# -5.394184 -0.006292 -0.034909 0.009596 0.148351 -0.990919 -0.005634 0.005916 9.645477 10.486702 
165		1.000000	0	4	1.212183		1 2 0 2 0 0 4 0 0 1 0 0 4 4 0 1 4 0 2 0 0 1 2 0 0 0 0 2 1 3 1 2 2 2 1 1 0 1 0 1 2 0 0 1 1 0 1 0 0 0 	# -15.990494 -0.004518 -0.297854 -0.140485 1.486139 -0.112986 -0.025578 -0.133887 -0.667199 -1.200571 
166		0.000000	0	0	0.000000		0 0 0 0 0 0 0 0 0 0 0 0 0 0 0 0 0 0 0 0 0 0 0 0 0 0 0 0 0 0 0 0 0 0 0 0 0 0 0 0 0 0 0 0 0 0 0 0 0 0 	# -3.910671 -0.004650 -0.035643 0.009295 0.148142 -0.617872 -0.004318 0.005638 5.907961 6.749125 
167		1.400000	0	9	1.538619		1 2 1 0 1 1 1 3 1 0 2 1 1 9 2 2 1 1 3 6 2 1 2 1 1 0 3 1 1 3 1 1 0 1 0 0 0 3 1 1 0 1 1 1 1 1 1 1 0 1 	# -16.374664 0.000309 -0.302395 -0.142417 1.481542 -0.234536 -0.022176 -0.135148 0.511241 -0.019382 
168		0.020000	0	1	0.141421		0 0 0 0 0 0 0 0 0 0 0 0 0 0 0 1 0 0 0 0 0 0 0 0 0 0 0 0 0 0 0 0 0 0 0 0 0 0 0 0 0 0 0 0 0 0 0 0 0 0 	# -5.394184 -0.006292 -0.034909 0.009596 0.148351 -0.990919 -0.005634 0.005916 9.645477 10.486702 
169		1.580000	0	6	1.401020		1 4 2 0 1 0 0 4 2 3 0 4 0 2 1 1 1 6 2 3 2 2 1 1 1 2 4 1 2 2 1 2 0 1 1 3 1 0 0 2 0 0 1 1 0 4 4 1 1 1 	# -15.990494 -0.004518 -0.297854 -0.140485 1.486139 -0.112986 -0.025578 -0.133887 -0.667199 -1.200571 
170		0.060000	0	3	0.424264		0 0 0 0 0 0 0 0 0 0 0 0 0 0 0 0 0 0 0 0 0 0 0 3 0 0 0 0 0 0 0 0 0 0 0 0 0 0 0 0 0 0 0 0 0 0 0 0 0 0 	# -3.910671 -0.004650 -0.035643 0.009295 0.148142 -0.617872 -0.004318 0.005638 5.907961 6.749125 
171		1.640000	0	6	1.467470		0 2 1 2 0 1 2 0 5 2 3 1 0 1 2 3 1 6 2 2 2 3 1 4 1 2 0 2 3 0 1 1 1 1 0 2 4 1 2 0 2 6 2 1 0 0 1 0 2 1 	# -16.374664 0.000309 -0.302395 -0.142417 1.481542 -0.234536 -0.022176 -0.135148 0.511241 -0.019382 
172		0.100000	0	4	0.580288		0 0 0 0 0 0 0 0 0 0 4 0 0 0 0 0 0 0 0 0 0 0 0 0 0 0 0 0 0 0 0 0 0 0 0 0 0 0 1 0 0 0 0 0 0 0 0 0 0 0 	# -5.394184 -0.006292 -0.034909 0.009596 0.148351 -0.990919 -0.005634 0.005916 9.645477 10.486702 
173		1.300000	0	4	1.054630		2 0 1 2 0 0 3 1 2 1 1 1 0 0 1 2 1 0 1 0 2 0 1 1 0 1 2 1 1 3 2 1 0 3 3 4 2 2 3 1 3 0 1 3 1 2 1 1 1 0 	# -15.990494 -0.004518 -0.297854 -0.140485 1.486139 -0.112986 -0.025578 -0.133887 -0.667199 -1.200571 
174		0.120000	0	3	0.593846		0 0 0 0 0 0 0 0 0 0 0 3 0 0 0 0 0 0 0 0 0 0 0 3 0 0 0 0 0 0 0 0 0 0 0 0 0 0 0 0 0 0 0 0 0 0 0 0 0 0 	# -3.910671 -0.004650 -0.035643 0.009295 0.148142 -0.617872 -0.004318 0.005638 5.907961 6.749125 
175		1.540000	0	7	1.459801		1 3 0 1 1 1 1 1 1 4 0 1 4 3 4 0 1 1 2 1 3 1 1 1 1 2 2 2 4 0 1 2 1 0 3 0 3 0 1 0 1 1 0 7 0 4 1 2 2 0 	# -16.374664 0.000309 -0.302395 -0.142417 1.481542 -0.234536 -0.022176 -0.135148 0.511241 -0.019382 
176		0.000000	0	0	0.000000		0 0 0 0 0 0 0 0 0 0 0 0 0 0 0 0 0 0 0 0 0 0 0 0 0 0 0 0 0 0 0 0 0 0 0 0 0 0 0 0 0 0 0 0 0 0 0 0 0 0 	# -5.394184 -0.006292 -0.034909 0.009596 0.148351 -0.990919 -0.005634 0.005916 9.645477 10.486702 
177		1.140000	0	5	1.160753		0 1 2 1 2 2 0 2 1 0 1 1 3 1 0 3 0 3 3 2 2 2 0 0 1 2 0 1 0 1 0 3 1 0 2 0 1 5 2 0 0 1 2 0 0 0 0 1 0 2 	# -15.990494 -0.004518 -0.297854 -0.140485 1.486139 -0.112986 -0.025578 -0.133887 -0.667199 -1.200571 
178		0.000000	0	0	0.000000		0 0 0 0 0 0 0 0 0 0 0 0 0 0 0 0 0 0 0 0 0 0 0 0 0 0 0 0 0 0 0 0 0 0 0 0 0 0 0 0 0 0 0 0 0 0 0 0 0 0 	# -3.910671 -0.004650 -0.035643 0.009295 0.148142 -0.617872 -0.004318 0.005638 5.907961 6.749125 
179		1.140000	0	7	1.498435		0 1 0 1 0 0 1 0 0 7 0 1 2 1 1 3 0 2 0 6 3 2 0 0 0 0 2 1 1 0 0 2 1 0 0 1 0 0 3 4 1 2 1 0 1 1 2 2 1 0 	# -16.374664 0.000309 -0.302395 -0.142417 1.481542 -0.234536 -0.022176 -0.135148 0.511241 -0.019382 
180		0.060000	0	2	0.313636		0 0 0 0 0 0 0 0 0 1 0 0 0 0 0 0 0 0 0 0 0 0 0 0 0 0 0 0 0 0 0 0 0 0 0 0 0 0 0 0 0 0 0 0 0 0 2 0 0 0 	# -5.394184 -0.006292 -0.034909 0.009596 0.148351 -0.990919 -0.005634 0.005916 9.645477 10.486702 
181		1.280000	0	4	1.195911		1 1 3 0 3 0 1 2 2 3 2 0 0 4 3 2 0 2 1 4 1 0 1 3 0 3 0 1 2 2 2 1 0 1 1 2 1 0 1 0 1 0 0 2 2 0 3 0 0 0 	# -15.990494 -0.004518 -0.297854 -0.140485 1.486139 -0.112986 -0.025578 -0.133887 -0.667199 -1.200571 
182		0.080000	0	4	0.565685		0 0 0 0 0 0 0 0 0 0 0 0 0 0 0 0 0 0 0 0 0 0 0 0 0 0 0 0 0 4 0 0 0 0 0 0 0 0 0 0 0 0 0 0 0 0 0 0 0 0 	# -3.910671 -0.004650 -0.035643 0.009295 0.148142 -0.617872 -0.004318 0.005638 5.907961 6.749125 
183		1.620000	0	7	1.510372		2 2 0 2 1 0 2 0 0 0 2 0 2 0 0 1 2 0 1 3 3 2 1 4 3 1 5 0 7 1 1 0 1 2 0 0 3 1 3 1 0 4 2 3 1 2 3 1 3 3 	# -16.374664 0.000309 -0.302395 -0.142417 1.481542 -0.234536 -0.022176 -0.135148 0.511241 -0.019382 
184		0.020000	0	1	0.141421		0 0 0 0 0 0 0 0 0 0 0 0 0 0 1 0 0 0 0 0 0 0 0 0 0 0 0 0 0 0 0 0 0 0 0 0 0 0 0 0 0 0 0 0 0 0 0 0 0 0 	# -5.394184 -0.006292 -0.034909 0.009596 0.148351 -0.990919 -0.005634 0.005916 9.645477 10.486702 
185		1.740000	0	6	1.396935		3 3 3 2 1 0 6 3 2 5 3 2 1 1 1 0 2 4 1 1 1 1 0 3 1 1 0 2 2 1 1 1 0 0 1 2 2 2 5 2 2 1 2 3 0 0 0 1 3 3 	# -15.990494 -0.004518 -0.297854 -0.140485 1.486139 -0.112986 -0.025578 -0.133887 -0.667199 -1.200571 
186		0.020000	0	1	0.141421		0 0 0 0 0 0 0 0 0 0 0 0 0 0 0 0 0 0 0 0 0 0 0 0 0 0 0 0 0 0 0 1 0 0 0 0 0 0 0 0 0 0 0 0 0 0 0 0 0 0 	# -3.910671 -0.004650 -0.035643 0.009295 0.148142 -0.617872 -0.004318 0.005638 5.907961 6.749125 
187		1.420000	0	5	1.371577		0 0 2 2 0 0 5 2 0 0 0 1 1 0 0 0 1 1 2 3 2 0 2 0 3 2 3 1 1 2 0 2 2 2 1 0 2 0 3 2 0 1 4 1 3 0 1 5 4 2 	# -16.374664 0.000309 -0.302395 -0.142417 1.481542 -0.234536 -0.022176 -0.135148 0.511241 -0.019382 
188		0.040000	0	2	0.282843		0 0 0 0 0 0 0 0 0 0 0 0 0 0 0 2 0 0 0 0 0 0 0 0 0 0 0 0 0 0 0 0 0 0 0 0 0 0 0 0 0 0 0 0 0 0 0 0 0 0 	# -5.394184 -0.006292 -0.034909 0.009596 0.148351 -0.990919 -0.005634 0.005916 9.645477 10.486702 
189		1.120000	0	4	1.099907		2 0 2 1 0 2 1 1 0 1 2 0 4 3 1 1 2 2 4 1 1 2 1 0 0 0 2 0 1 2 3 1 0 1 0 0 1 0 0 0 0 0 0 2 0 3 1 2 2 1 	# -15.990494 -0.004518 -0.297854 -0.140485 1.486139 -0.112986 -0.025578 -0.133887 -0.667199 -1.200571 
190		0.000000	0	0	0.000000		0 0 0 0 0 0 0 0 0 0 0 0 0 0 0 0 0 0 0 0 0 0 0 0 0 0 0 0 0 0 0 0 0 0 0 0 0 0 0 0 0 0 0 0 0 0 0 0 0 0 	# -3.910671 -0.004650 -0.035643 0.009295 0.148142 -0.617872 -0.004318 0.005638 5.907961 6.749125 
191		1.320000	0	4	1.077412		0 1 2 1 1 0 2 1 2 2 0 0 2 0 1 2 3 0 0 2 1 1 0 2 4 1 1 2 3 0 2 1 1 1 1 2 4 1 2 2 0 0 0 3 2 2 3 1 1 0 	# -16.374664 0.000309 -0.302395 -0.142417 1.481542 -0.234536 -0.022176 -0.135148 0.511241 -0.019382 
192		0.020000	0	1	0.141421		0 0 0 0 0 0 0 0 0 0 0 0 0 0 0 0 0 0 0 0 0 0 0 0 0 0 0 0 0 0 0 0 0 0 0 0 0 0 0 0 0 0 0 0 1 0 0 0 0 0 	# -5.394184 -0.006292 -0.034909 0.009596 0.148351 -0.990919 -0.005634 0.005916 9.645477 10.486702 
193		1.220000	0	4	1.217056		3 0 2 0 1 0 4 0 1 2 1 0 0 3 0 1 0 1 1 3 0 2 0 0 0 1 4 1 1 1 2 2 0 1 0 3 2 0 1 0 2 0 1 4 2 2 3 0 2 1 	# -15.990494 -0.004518 -0.297854 -0.140485 1.486139 -0.112986 -0.025578 -0.133887 -0.667199 -1.200571 
194		0.200000	0	6	0.947607		0 0 0 0 0 0 1 0 0 0 0 0 0 0 0 3 0 0 0 0 0 0 6 0 0 0 0 0 0 0 0 0 0 0 0 0 0 0 0 0 0 0 0 0 0 0 0 0 0 0 	# -3.910671 -0.004650 -0.035643 0.009295 0.148142 -0.617872 -0.004318 0.005638 5.907961 6.749125 
195		1.160000	0	4	1.131371		1 0 1 1 1 0 1 0 2 1 0 0 3 0 0 0 2 0 1 1 2 0 0 0 2 4 2 2 1 2 3 0 2 1 1 2 0 1 0 1 1 1 0 1 2 4 2 2 0 4 	# -16.374664 0.000309 -0.302395 -0.142417 1.481542 -0.234536 -0.022176 -0.135148 0.511241 -0.019382 
196		0.080000	0	4	0.565685		0 0 0 0 0 0 0 0 0 0 0 0 0 0 0 0 0 0 0 0 0 0 0 4 0 0 0 0 0 0 0 0 0 0 0 0 0 0 0 0 0 0 0 0 0 0 0 0 0 0 	# -5.394184 -0.006292 -0.034909 0.009596 0.148351 -0.990919 -0.005634 0.005916 9.645477 10.486702 
197		1.120000	0	4	1.118308		0 1 3 2 1 1 0 2 1 4 3 0 2 1 2 0 1 2 2 0 1 1 2 1 1 1 4 0 0 0 3 0 0 0 1 0 2 3 0 1 1 1 0 0 0 0 2 0 1 2 	# -15.990494 -0.004518 -0.297854 -0.140485 1.486139 -0.112986 -0.025578 -0.133887 -0.667199 -1.200571 
198		0.000000	0	0	0.000000		0 0 0 0 0 0 0 0 0 0 0 0 0 0 0 0 0 0 0 0 0 0 0 0 0 0 0 0 0 0 0 0 0 0 0 0 0 0 0 0 0 0 0 0 0 0 0 0 0 0 	# -3.910671 -0.004650 -0.035643 0.009295 0.148142 -0.617872 -0.004318 0.005638 5.907961 6.749125 
199		1.240000	0	5	1.187692		2 5 0 2 2 2 0 0 0 1 0 0 1 2 3 0 0 5 1 2 2 1 2 2 0 1 2 2 1 0 2 2 3 0 0 0 1 0 1 1 0 1 2 1 1 1 2 1 2 0 	# -16.374664 0.000309 -0.302395 -0.142417 1.481542 -0.234536 -0.022176 -0.135148 0.511241 -0.019382 
200		0.020000	0	1	0.141421		0 0 0 0 0 0 0 0 0 0 0 0 0 0 0 0 0 0 0 0 0 0 0 0 0 0 0 0 0 0 0 0 0 0 0 0 0 0 0 0 0 0 0 0 0 0 1 0 0 0 	# -5.394184 -0.006292 -0.034909 0.009596 0.148351 -0.990919 -0.005634 0.005916 9.645477 10.486702 
201		1.200000	0	5	1.245400		2 0 1 1 0 1 0 0 0 1 2 0 3 0 4 1 1 2 0 0 4 5 3 2 0 2 0 0 1 1 1 3 1 1 0 0 1 1 0 1 1 2 1 0 2 1 3 1 3 0 	# -15.990494 -0.004518 -0.297854 -0.140485 1.486139 -0.112986 -0.025578 -0.133887 -0.667199 -1.200571 
202		0.020000	0	1	0.141421		0 0 0 0 0 0 0 1 0 0 0 0 0 0 0 0 0 0 0 0 0 0 0 0 0 0 0 0 0 0 0 0 0 0 0 0 0 0 0 0 0 0 0 0 0 0 0 0 0 0 	# -3.910671 -0.004650 -0.035643 0.009295 0.148142 -0.617872 -0.004318 0.005638 5.907961 6.749125 
203		1.300000	0	7	1.446318		1 0 0 1 1 2 1 1 2 1 0 1 1 1 2 1 1 7 0 2 2 2 5 3 0 1 5 0 0 0 0 1 1 4 2 1 0 1 0 2 2 1 0 2 0 1 0 2 0 1 	# -16.374664 0.000309 -0.302395 -0.142417 1.481542 -0.234536 -0.022176 -0.135148 0.511241 -0.019382 
204		0.040000	0	1	0.197949		0 0 0 0 0 0 0 0 0 0 0 0 0 0 0 0 0 1 0 0 0 0 0 0 0 0 0 1 0 0 0 0 0 0 0 0 0 0 0 0 0 0 0 0 0 0 0 0 0 0 	# -5.394184 -0.006292 -0.034909 0.009596 0.148351 -0.990919 -0.005634 0.005916 9.645477 10.486702 
205		1.220000	0	6	1.313820		2 2 0 1 0 6 0 2 0 0 3 1 0 0 1 0 2 1 3 3 0 1 2 3 0 1 5 1 2 1 0 1 1 1 0 0 0 2 1 1 0 1 1 2 2 1 0 3 0 1 	# -15.990494 -0.004518 -0.297854 -0.140485 1.486139 -0.112986 -0.025578 -0.133887 -0.667199 -1.200571 
206		0.000000	0	0	0.000000		0 0 0 0 0 0 0 0 0 0 0 0 0 0 0 0 0 0 0 0 0 0 0 0 0 0 0 0 0 0 0 0 0 0 0 0 0 0 0 0 0 0 0 0 0 0 0 0 0 0 	# -3.910671 -0.004650 -0.035643 0.009295 0.148142 -0.617872 -0.004318 0.005638 5.907961 6.749125 
207		1.380000	0	5	1.275995		3 2 3 2 2 3 2 0 2 2 0 1 0 0 0 2 1 2 0 1 2 2 0 1 1 0 0 1 1 1 5 2 0 1 2 3 3 2 0 0 1 0 1 2 3 0 0 5 2 0 	# -16.374664 0.000309 -0.302395 -0.142417 1.481542 -0.234536 -0.022176 -0.135148 0.511241 -0.019382 
208		0.000000	0	0	0.000000		0 0 0 0 0 0 0 0 0 0 0 0 0 0 0 0 0 0 0 0 0 0 0 0 0 0 0 0 0 0 0 0 0 0 0 0 0 0 0 0 0 0 0 0 0 0 0 0 0 0 	# -5.394184 -0.006292 -0.034909 0.009596 0.148351 -0.990919 -0.005634 0.005916 9.645477 10.486702 
209		1.480000	0	5	1.343769		2 1 3 1 0 5 0 1 1 3 3 0 5 2 1 1 0 1 1 1 1 2 0 1 2 3 0 3 4 0 1 1 2 1 4 0 2 2 1 0 0 1 0 4 2 1 0 1 2 1 	# -15.990494 -0.004518 -0.297854 -0.140485 1.486139 -0.112986 -0.025578 -0.133887 -0.667199 -1.200571 
210		0.120000	0	6	0.848528		0 0 0 0 0 0 0 0 0 0 0 0 0 0 0 0 0 0 0 0 0 0 0 0 6 0 0 0 0 0 0 0 0 0 0 0 0 0 0 0 0 0 0 0 0 0 0 0 0 0 	# -3.910671 -0.004650 -0.035643 0.009295 0.148142 -0.617872 -0.004318 0.005638 5.907961 6.749125 
211		1.200000	0	8	1.442786		1 0 3 2 0 2 0 2 1 1 2 3 8 0 1 0 0 0 1 0 1 3 2 0 2 0 1 1 1 1 0 3 2 1 0 1 1 3 4 0 1 1 0 0 0 0 1 0 2 1 	# -16.374664 0.000309 -0.302395 -0.142417 1.481542 -0.234536 -0.022176 -0.135148 0.511241 -0.019382 
212		0.020000	0	1	0.141421		0 0 0 0 0 0 0 0 0 0 0 0 0 0 0 0 0 0 0 0 0 0 0 0 0 0 0 0 0 0 0 0 0 0 1 0 0 0 0 0 0 0 0 0 0 0 0 0 0 0 	# -5.394184 -0.006292 -0.034909 0.009596 0.148351 -0.990919 -0.005634 0.005916 9.645477 10.486702 
213		1.180000	0	5	1.256656		1 1 0 0 0 2 0 2 0 0 0 1 2 1 2 0 2 1 1 1 3 3 3 5 3 0 0 0 0 1 2 2 1 0 0 0 1 2 1 3 0 2 0 3 0 2 4 1 0 0 	# -15.990494 -0.004518 -0.297854 -0.140485 1.486139 -0.112986 -0.025578 -0.133887 -0.667199 -1.200571 
214		0.160000	0	3	0.548095		0 0 0 0 0 0 0 0 0 0 0 0 0 0 0 0 0 0 0 0 0 0 0 0 0 0 0 0 0 1 0 1 0 3 0 0 0 0 0 2 0 0 1 0 0 0 0 0 0 0 	# -3.910671 -0.004650 -0.035643 0.009295 0.148142 -0.617872 -0.004318 0.005638 5.907961 6.749125 
215		1.060000	0	6	1.405674		0 0 1 0 0 0 2 0 2 1 3 1 1 2 0 1 2 0 0 4 0 0 0 1 2 1 0 1 0 0 4 4 0 3 0 0 0 0 3 1 6 0 2 0 2 0 2 0 1 0 	# -16.374664 0.000309 -0.302395 -0.142417 1.481542 -0.234536 -0.022176 -0.135148 0.511241 -0.019382 
216		0.000000	0	0	0.000000		0 0 0 0 0 0 0 0 0 0 0 0 0 0 0 0 0 0 0 0 0 0 0 0 0 0 0 0 0 0 0 0 0 0 0 0 0 0 0 0 0 0 0 0 0 0 0 0 0 0 	# -5.394184 -0.006292 -0.034909 0.009596 0.148351 -0.990919 -0.005634 0.005916 9.645477 10.486702 
217		1.200000	0	9	1.714286		3 0 1 3 9 0 1 1 1 0 1 0 0 0 0 5 0 0 1 1 1 0 1 2 0 2 1 0 0 5 0 1 1 1 1 0 1 0 1 1 2 3 0 3 0 2 0 4 0 0 	# -15.990494 -0.004518 -0.297854 -0.140485 1.486139 -0.112986 -0.025578 -0.133887 -0.667199 -1.200571 
218		0.020000	0	1	0.141421		0 0 0 0 0 0 0 0 0 0 0 0 0 0 0 0 0 0 0 0 0 0 0 0 0 0 0 0 0 0 0 0 0 0 0 0 1 0 0 0 0 0 0 0 0 0 0 0 0 0 	# -3.910671 -0.004650 -0.035643 0.009295 0.148142 -0.617872 -0.004318 0.005638 5.907961 6.749125 
219		1.360000	0	5	1.273914		3 1 2 0 0 0 1 4 3 2 2 0 0 1 0 0 3 1 2 4 1 2 2 0 1 1 1 0 0 1 1 4 3 5 1 1 0 2 2 0 1 2 0 2 2 2 0 1 1 0 	# -16.374664 0.000309 -0.302395 -0.142417 1.481542 -0.234536 -0.022176 -0.135148 0.511241 -0.019382 
220		0.240000	0	8	1.187692		0 0 0 0 0 0 0 0 0 0 0 2 0 0 0 0 0 0 0 0 0 0 0 0 0 0 0 0 0 0 0 0 0 0 8 0 0 0 2 0 0 0 0 0 0 0 0 0 0 0 	# -5.394184 -0.006292 -0.034909 0.009596 0.148351 -0.990919 -0.005634 0.005916 9.645477 10.486702 
221		1.360000	0	6	1.396205		4 0 2 0 3 1 4 3 0 1 2 1 2 1 0 0 0 2 1 1 1 0 5 0 1 3 1 6 3 0 1 3 1 1 0 2 0 0 1 0 0 1 1 1 1 0 2 2 2 1 	# -15.990494 -0.004518 -0.297854 -0.140485 1.486139 -0.112986 -0.025578 -0.133887 -0.667199 -1.200571 
222		0.060000	0	3	0.424264		0 0 0 0 0 0 0 0 0 0 0 0 0 0 0 0 0 0 0 3 0 0 0 0 0 0 0 0 0 0 0 0 0 0 0 0 0 0 0 0 0 0 0 0 0 0 0 0 0 0 	# -3.910671 -0.004650 -0.035643 0.009295 0.148142 -0.617872 -0.004318 0.005638 5.907961 6.749125 
223		1.360000	0	6	1.208136		2 2 1 1 1 2 1 2 1 0 0 1 1 4 2 0 1 2 1 1 3 1 0 6 1 0 2 1 0 1 2 0 2 1 1 3 0 1 1 2 4 1 0 1 3 2 2 0 0 1 	# -16.374664 0.000309 -0.302395 -0.142417 1.481542 -0.234536 -0.022176 -0.135148 0.511241 -0.019382 
224		0.020000	0	1	0.141421		0 1 0 0 0 0 0 0 0 0 0 0 0 0 0 0 0 0 0 0 0 0 0 0 0 0 0 0 0 0 0 0 0 0 0 0 0 0 0 0 0 0 0 0 0 0 0 0 0 0 	# -5.394184 -0.006292 -0.034909 0.009596 0.148351 -0.990919 -0.005634 0.005916 9.645477 10.486702 
225		1.040000	0	4	0.988918		0 3 3 1 0 0 1 1 0 4 1 1 0 1 0 1 0 1 0 0 0 1 1 1 2 1 1 0 2 0 2 0 1 3 2 2 0 0 2 1 1 0 0 1 2 2 1 1 2 2 	# -15.990494 -0.004518 -0.297854 -0.140485 1.486139 -0.112986 -0.025578 -0.133887 -0.667199 -1.200571 
226		0.060000	0	2	0.313636		0 0 0 0 0 0 0 0 0 0 0 0 0 0 0 0 0 0 0 0 0 0 0 0 0 0 0 0 2 0 1 0 0 0 0 0 0 0 0 0 0 0 0 0 0 0 0 0 0 0 	# -3.910671 -0.004650 -0.035643 0.009295 0.148142 -0.617872 -0.004318 0.005638 5.907961 6.749125 
227		1.440000	0	4	1.180799		2 4 1 2 1 2 2 1 0 4 3 2 1 1 2 0 4 2 0 1 2 0 3 2 3 0 0 2 1 0 2 1 2 2 1 1 0 0 3 0 1 1 3 2 0 1 3 0 0 1 	# -16.374664 0.000309 -0.302395 -0.142417 1.481542 -0.234536 -0.022176 -0.135148 0.511241 -0.019382 
228		0.000000	0	0	0.000000		0 0 0 0 0 0 0 0 0 0 0 0 0 0 0 0 0 0 0 0 0 0 0 0 0 0 0 0 0 0 0 0 0 0 0 0 0 0 0 0 0 0 0 0 0 0 0 0 0 0 	# -5.394184 -0.006292 -0.034909 0.009596 0.148351 -0.990919 -0.005634 0.005916 9.645477 10.486702 
229		1.020000	0	5	1.449701		3 1 2 0 0 0 1 1 1 2 1 0 3 0 0 0 4 0 1 0 0 0 2 0 1 5 0 0 3 1 0 0 0 0 0 2 4 0 2 0 5 0 0 0 1 1 0 0 0 4 	# -15.990494 -0.004518 -0.297854 -0.140485 1.486139 -0.112986 -0.025578 -0.133887 -0.667199 -1.200571 
230		0.060000	0	2	0.313636		0 0 0 0 0 0 0 0 0 0 0 0 1 0 0 0 0 0 0 0 0 0 0 0 0 0 0 0 0 0 0 0 0 0 0 0 0 0 0 0 0 0 0 0 0 0 2 0 0 0 	# -3.910671 -0.004650 -0.035643 0.009295 0.148142 -0.617872 -0.004318 0.005638 5.907961 6.749125 
231		1.760000	0	11	1.974945		4 0 4 0 1 3 3 4 0 1 0 0 3 1 2 2 0 2 1 11 0 2 0 0 1 1 1 2 1 1 1 3 3 0 2 1 3 3 3 0 1 3 0 0 4 0 0 6 2 2 	# -16.374664 0.000309 -0.302395 -0.142417 1.481542 -0.234536 -0.022176 -0.135148 0.511241 -0.019382 
232		0.000000	0	0	0.000000		0 0 0 0 0 0 0 0 0 0 0 0 0 0 0 0 0 0 0 0 0 0 0 0 0 0 0 0 0 0 0 0 0 0 0 0 0 0 0 0 0 0 0 0 0 0 0 0 0 0 	# -5.394184 -0.006292 -0.034909 0.009596 0.148351 -0.990919 -0.005634 0.005916 9.645477 10.486702 
233		1.340000	0	5	1.255356		3 0 1 0 0 3 4 4 0 2 4 2 2 1 2 1 1 1 1 1 1 1 2 0 2 3 0 0 1 0 0 2 1 2 0 0 2 1 1 0 1 5 1 2 3 1 0 1 1 0 	# -15.990494 -0.004518 -0.297854 -0.140485 1.486139 -0.112986 -0.025578 -0.133887 -0.667199 -1.200571 
234		0.060000	0	2	0.313636		0 0 2 0 0 0 0 0 0 0 0 0 0 0 0 0 0 0 0 0 0 0 0 0 0 0 1 0 0 0 0 0 0 0 0 0 0 0 0 0 0 0 0 0 0 0 0 0 0 0 	# -3.910671 -0.004650 -0.035643 0.009295 0.148142 -0.617872 -0.004318 0.005638 5.907961 6.749125 
235		1.200000	0	5	1.228904		1 1 0 4 5 2 0 0 0 1 1 0 0 1 2 0 1 2 1 0 1 2 1 1 3 2 2 1 0 4 3 1 2 0 1 2 0 1 0 1 1 4 1 0 1 0 1 0 0 2 	# -16.374664 0.000309 -0.302395 -0.142417 1.481542 -0.234536 -0.022176 -0.135148 0.511241 -0.019382 
236		0.000000	0	0	0.000000		0 0 0 0 0 0 0 0 0 0 0 0 0 0 0 0 0 0 0 0 0 0 0 0 0 0 0 0 0 0 0 0 0 0 0 0 0 0 0 0 0 0 0 0 0 0 0 0 0 0 	# -5.394184 -0.006292 -0.034909 0.009596 0.148351 -0.990919 -0.005634 0.005916 9.645477 10.486702 
237		1.100000	0	4	1.182353		2 0 3 3 2 0 1 4 2 0 1 2 4 3 0 0 0 1 2 1 0 0 0 2 4 1 0 1 1 0 1 0 0 2 1 1 1 0 1 2 1 2 1 0 2 0 0 0 0 0 	# -15.990494 -0.004518 -0.297854 -0.140485 1.486139 -0.112986 -0.025578 -0.133887 -0.667199 -1.200571 
238		0.020000	0	1	0.141421		0 0 0 0 0 0 0 0 0 0 0 0 0 0 0 1 0 0 0 0 0 0 0 0 0 0 0 0 0 0 0 0 0 0 0 0 0 0 0 0 0 0 0 0 0 0 0 0 0 0 	# -3.910671 -0.004650 -0.035643 0.009295 0.148142 -0.617872 -0.004318 0.005638 5.907961 6.749125 
239		1.360000	0	4	1.156349		1 0 0 0 0 2 2 0 3 0 1 1 2 0 2 0 0 3 1 1 3 3 1 0 1 1 1 2 2 3 4 1 0 1 1 3 1 0 2 4 2 2 2 1 1 0 2 0 3 2 	# -16.374664 0.000309 -0.302395 -0.142417 1.481542 -0.234536 -0.022176 -0.135148 0.511241 -0.019382 
240		0.000000	0	0	0.000000		0 0 0 0 0 0 0 0 0 0 0 0 0 0 0 0 0 0 0 0 0 0 0 0 0 0 0 0 0 0 0 0 0 0 0 0 0 0 0 0 0 0 0 0 0 0 0 0 0 0 	# -5.394184 -0.006292 -0.034909 0.009596 0.148351 -0.990919 -0.005634 0.005916 9.645477 10.486702 
241		1.160000	0	5	1.330337		0 1 0 0 1 3 1 0 1 0 0 0 0 0 0 3 0 0 1 5 1 2 1 3 0 1 1 1 0 0 1 1 1 1 1 1 4 1 5 2 0 1 2 1 1 0 2 0 3 4 	# -15.990494 -0.004518 -0.297854 -0.140485 1.486139 -0.112986 -0.025578 -0.133887 -0.667199 -1.200571 
242		0.040000	0	1	0.197949		0 0 0 0 0 0 0 0 0 0 0 0 0 0 0 0 0 0 0 0 0 0 0 0 0 0 0 0 0 0 0 1 0 0 0 0 0 0 0 0 0 0 0 0 1 0 0 0 0 0 	# -3.910671 -0.004650 -0.035643 0.009295 0.148142 -0.617872 -0.004318 0.005638 5.907961 6.749125 
243		1.100000	0	3	0.974156		2 0 1 0 0 2 1 0 3 0 0 0 0 0 1 1 1 1 3 1 2 3 0 0 0 3 1 2 1 1 2 1 1 2 0 1 2 1 0 2 2 2 1 1 0 1 1 0 2 3 	# -16.374664 0.000309 -0.302395 -0.142417 1.481542 -0.234536 -0.022176 -0.135148 0.511241 -0.019382 
244		0.020000	0	1	0.141421		0 0 0 0 0 0 0 0 0 0 0 0 0 0 0 0 0 0 0 0 0 0 0 0 0 0 0 0 0 0 0 1 0 0 0 0 0 0 0 0 0 0 0 0 0 0 0 0 0 0 	# -5.394184 -0.006292 -0.034909 0.009596 0.148351 -0.990919 -0.005634 0.005916 9.645477 10.486702 
245		1.160000	0	6	1.360672		3 1 1 1 0 0 0 0 6 1 0 2 1 0 3 4 0 0 0 1 2 0 1 1 1 1 1 0 2 1 2 0 5 2 2 0 1 2 0 0 2 0 2 0 1 0 2 3 0 0 	# -15.990494 -0.004518 -0.297854 -0.140485 1.486139 -0.112986 -0.025578 -0.133887 -0.667199 -1.200571 
246		0.080000	0	4	0.565685		0 0 0 0 0 0 0 0 0 0 0 4 0 0 0 0 0 0 0 0 0 0 0 0 0 0 0 0 0 0 0 0 0 0 0 0 0 0 0 0 0 0 0 0 0 0 0 0 0 0 	# -3.910671 -0.004650 -0.035643 0.009295 0.148142 -0.617872 -0.004318 0.005638 5.907961 6.749125 
247		1.160000	0	5	1.251285		2 1 1 0 2 5 2 2 1 1 0 0 1 0 0 3 0 1 1 3 3 0 1 4 0 1 3 1 0 3 1 0 1 0 0 1 1 1 4 2 2 1 0 0 0 0 0 0 1 1 	# -16.374664 0.000309 -0.302395 -0.142417 1.481542 -0.234536 -0.022176 -0.135148 0.511241 -0.019382 
248		0.060000	0	3	0.424264		0 0 0 0 0 0 0 0 0 0 0 0 0 0 0 0 0 0 0 0 0 0 0 0 0 0 0 0 0 0 0 0 0 0 0 0 0 0 0 0 0 0 3 0 0 0 0 0 0 0 	# -5.394184 -0.006292 -0.034909 0.009596 0.148351 -0.990919 -0.005634 0.005916 9.645477 10.486702 
249		1.380000	0	5	1.227076		1 1 0 2 1 1 1 3 1 1 3 3 0 2 2 0 2 0 1 2 2 0 1 1 4 0 1 2 0 1 3 0 4 0 2 0 2 0 1 0 2 3 1 1 2 2 5 0 2 0 	# -15.990494 -0.004518 -0.297854 -0.140485 1.486139 -0.112986 -0.025578 -0.133887 -0.667199 -1.200571 
250		0.060000	0	2	0.313636		0 2 0 0 0 0 0 0 0 0 0 0 0 0 0 0 0 0 0 0 0 0 0 0 0 0 0 0 0 0 0 0 0 0 0 0 0 0 0 0 1 0 0 0 0 0 0 0 0 0 	# -3.910671 -0.004650 -0.035643 0.009295 0.148142 -0.617872 -0.004318 0.005638 5.907961 6.749125 
251		1.320000	0	6	1.583589		6 1 4 0 2 3 0 0 1 1 0 3 1 1 2 2 3 0 0 0 0 0 0 4 0 2 2 1 0 1 1 1 1 0 0 0 5 1 0 5 1 0 0 2 1 1 1 1 5 0 	# -16.374664 0.000309 -0.302395 -0.142417 1.481542 -0.234536 -0.022176 -0.135148 0.511241 -0.019382 
252		0.040000	0	2	0.282843		0 0 0 0 0 0 0 0 0 0 0 0 0 0 0 0 0 0 0 0 0 0 0 0 0 0 0 0 0 0 0 0 0 0 0 0 0 0 0 0 2 0 0 0 0 0 0 0 0 0 	# -5.394184 -0.006292 -0.034909 0.009596 0.148351 -0.990919 -0.005634 0.005916 9.645477 10.486702 
253		1.580000	0	5	1.356616		2 1 1 1 1 2 1 1 4 1 4 0 3 1 1 3 1 1 4 5 1 1 1 1 0 5 1 0 0 3 3 1 0 0 0 2 0 2 2 3 3 1 1 1 1 2 0 1 4 1 	# -15.990494 -0.004518 -0.297854 -0.140485 1.486139 -0.112986 -0.025578 -0.133887 -0.667199 -1.200571 
254		0.200000	0	4	0.832993		0 0 0 0 0 0 0 0 0 0 0 0 0 0 0 0 0 0 0 0 4 0 0 0 0 0 0 0 0 0 0 0 0 0 0 0 0 0 0 0 0 0 2 0 0 0 4 0 0 0 	# -3.910671 -0.004650 -0.035643 0.009295 0.148142 -0.617872 -0.004318 0.005638 5.907961 6.749125 
255		1.160000	0	3	0.955329		0 0 0 1 2 0 3 2 1 1 1 3 1 1 3 2 2 1 1 0 2 0 2 0 3 0 2 3 0 1 1 2 0 1 0 0 1 2 1 2 1 0 2 1 1 2 0 1 1 1 	# -16.374664 0.000309 -0.302395 -0.142417 1.481542 -0.234536 -0.022176 -0.135148 0.511241 -0.019382 
256		0.000000	0	0	0.000000		0 0 0 0 0 0 0 0 0 0 0 0 0 0 0 0 0 0 0 0 0 0 0 0 0 0 0 0 0 0 0 0 0 0 0 0 0 0 0 0 0 0 0 0 0 0 0 0 0 0 	# -5.394184 -0.006292 -0.034909 0.009596 0.148351 -0.990919 -0.005634 0.005916 9.645477 10.486702 
257		1.420000	0	7	1.341489		4 2 1 0 1 5 2 1 2 1 1 2 1 1 2 1 1 3 1 1 1 1 0 2 1 1 1 1 0 3 3 2 0 0 0 0 2 2 1 0 1 2 1 2 0 0 2 0 2 7 	# -15.990494 -0.004518 -0.297854 -0.140485 1.486139 -0.112986 -0.025578 -0.133887 -0.667199 -1.200571 
258		0.000000	0	0	0.000000		0 0 0 0 0 0 0 0 0 0 0 0 0 0 0 0 0 0 0 0 0 0 0 0 0 0 0 0 0 0 0 0 0 0 0 0 0 0 0 0 0 0 0 0 0 0 0 0 0 0 	# -3.910671 -0.004650 -0.035643 0.009295 0.148142 -0.617872 -0.004318 0.005638 5.907961 6.749125 
259		1.480000	0	5	1.281581		0 1 5 0 0 3 3 2 1 2 1 1 1 0 1 2 2 2 1 3 1 0 2 2 2 1 5 1 2 0 1 2 1 0 1 5 0 2 0 0 1 3 1 1 3 0 1 1 2 2 	# -16.374664 0.000309 -0.302395 -0.142417 1.481542 -0.234536 -0.022176 -0.135148 0.511241 -0.019382 
260		0.000000	0	0	0.000000		0 0 0 0 0 0 0 0 0 0 0 0 0 0 0 0 0 0 0 0 0 0 0 0 0 0 0 0 0 0 0 0 0 0 0 0 0 0 0 0 0 0 0 0 0 0 0 0 0 0 	# -5.394184 -0.006292 -0.034909 0.009596 0.148351 -0.990919 -0.005634 0.005916 9.645477 10.486702 
261		1.160000	0	8	1.489555		0 0 0 1 1 0 0 3 0 0 2 0 3 1 1 1 2 1 0 0 0 0 2 4 1 0 0 0 1 0 1 3 2 0 2 2 0 2 8 0 1 3 0 1 2 0 2 3 2 0 	# -15.990494 -0.004518 -0.297854 -0.140485 1.486139 -0.112986 -0.025578 -0.133887 -0.667199 -1.200571 
262		0.020000	0	1	0.141421		0 0 0 0 0 0 0 0 0 0 0 0 0 0 0 0 0 0 0 0 0 0 0 0 0 0 0 0 0 0 0 0 0 0 0 0 0 0 0 0 0 0 0 0 0 0 0 1 0 0 	# -3.910671 -0.004650 -0.035643 0.009295 0.148142 -0.617872 -0.004318 0.005638 5.907961 6.749125 
263		1.160000	0	7	1.390346		0 0 1 7 0 1 0 1 0 2 2 0 0 0 1 2 0 0 1 2 2 3 2 0 2 1 2 0 2 0 0 0 0 4 3 3 1 1 2 0 0 1 0 2 2 0 0 3 0 2 	# -16.374664 0.000309 -0.302395 -0.142417 1.481542 -0.234536 -0.022176 -0.135148 0.511241 -0.019382 
264		0.000000	0	0	0.000000		0 0 0 0 0 0 0 0 0 0 0 0 0 0 0 0 0 0 0 0 0 0 0 0 0 0 0 0 0 0 0 0 0 0 0 0 0 0 0 0 0 0 0 0 0 0 0 0 0 0 	# -5.394184 -0.006292 -0.034909 0.009596 0.148351 -0.990919 -0.005634 0.005916 9.645477 10.486702 
265		1.520000	0	5	1.358871		2 0 0 0 1 3 2 1 1 0 2 2 1 2 5 0 0 1 2 2 2 2 1 2 5 3 0 0 1 1 0 1 4 3 1 1 2 1 0 2 2 2 1 5 0 3 0 0 1 3 	# -15.990494 -0.004518 -0.297854 -0.140485 1.486139 -0.112986 -0.025578 -0.133887 -0.667199 -1.200571 
266		0.000000	0	0	0.000000		0 0 0 0 0 0 0 0 0 0 0 0 0 0 0 0 0 0 0 0 0 0 0 0 0 0 0 0 0 0 0 0 0 0 0 0 0 0 0 0 0 0 0 0 0 0 0 0 0 0 	# -3.910671 -0.004650 -0.035643 0.009295 0.148142 -0.617872 -0.004318 0.005638 5.907961 6.749125 
267		1.280000	0	4	1.246055		3 0 0 4 0 1 0 1 1 3 1 1 1 3 0 0 1 3 0 2 4 1 1 2 1 0 0 2 3 3 1 1 1 0 2 0 0 2 2 0 0 0 1 1 0 2 4 2 3 0 	# -16.374664 0.000309 -0.302395 -0.142417 1.481542 -0.234536 -0.022176 -0.135148 0.511241 -0.019382 
268		0.020000	0	1	0.141421		0 0 0 0 0 0 0 0 0 0 0 0 0 0 0 0 0 0 0 0 0 0 0 0 0 0 0 0 0 0 0 0 0 0 0 0 0 0 0 0 0 0 0 1 0 0 0 0 0 0 	# -5.394184 -0.006292 -0.034909 0.009596 0.148351 -0.990919 -0.005634 0.005916 9.645477 10.486702 
269		1.240000	0	4	1.221575		1 0 0 1 0 3 3 1 0 1 2 4 0 2 1 2 1 0 0 2 0 2 2 0 3 3 4 3 0 2 1 0 2 0 1 1 2 0 0 0 2 2 1 0 4 1 0 1 1 0 	# -15.990494 -0.004518 -0.297854 -0.140485 1.486139 -0.112986 -0.025578 -0.133887 -0.667199 -1.200571 
270		0.000000	0	0	0.000000		0 0 0 0 0 0 0 0 0 0 0 0 0 0 0 0 0 0 0 0 0 0 0 0 0 0 0 0 0 0 0 0 0 0 0 0 0 0 0 0 0 0 0 0 0 0 0 0 0 0 	# -3.910671 -0.004650 -0.035643 0.009295 0.148142 -0.617872 -0.004318 0.005638 5.907961 6.749125 
271		1.220000	0	4	1.298193		0 1 1 4 3 0 4 1 1 0 1 0 0 0 0 0 1 4 1 1 0 3 0 0 4 1 0 2 2 0 0 0 2 2 2 1 0 3 2 1 1 2 0 2 4 1 1 2 0 0 	# -16.374664 0.000309 -0.302395 -0.142417 1.481542 -0.234536 -0.022176 -0.135148 0.511241 -0.019382 
272		0.000000	0	0	0.000000		0 0 0 0 0 0 0 0 0 0 0 0 0 0 0 0 0 0 0 0 0 0 0 0 0 0 0 0 0 0 0 0 0 0 0 0 0 0 0 0 0 0 0 0 0 0 0 0 0 0 	# -5.394184 -0.006292 -0.034909 0.009596 0.148351 -0.990919 -0.005634 0.005916 9.645477 10.486702 
273		1.180000	0	4	1.189924		2 1 1 1 0 3 1 1 0 1 0 0 3 0 3 0 0 2 2 3 4 3 0 0 2 3 0 1 1 1 3 0 0 1 3 1 0 2 1 2 0 0 2 0 0 0 3 1 1 0 	# -15.990494 -0.004518 -0.297854 -0.140485 1.486139 -0.112986 -0.025578 -0.133887 -0.667199 -1.200571 
274		0.080000	0	4	0.565685		0 0 0 0 0 0 0 0 4 0 0 0 0 0 0 0 0 0 0 0 0 0 0 0 0 0 0 0 0 0 0 0 0 0 0 0 0 0 0 0 0 0 0 0 0 0 0 0 0 0 	# -3.910671 -0.004650 -0.035643 0.009295 0.148142 -0.617872 -0.004318 0.005638 5.907961 6.749125 
275		1.280000	0	6	1.340728		1 1 3 1 0 3 3 2 1 1 4 2 1 1 1 1 1 0 0 0 1 2 6 4 1 0 0 1 0 2 0 0 3 2 4 0 1 2 1 0 2 1 0 2 0 0 0 0 1 1 	# -16.374664 0.000309 -0.302395 -0.142417 1.481542 -0.234536 -0.022176 -0.135148 0.511241 -0.019382 
276		0.260000	0	8	1.321873		0 0 0 5 0 0 0 0 0 0 0 0 0 0 0 0 0 0 0 0 0 0 0 0 0 0 0 0 0 0 0 0 0 0 0 8 0 0 0 0 0 0 0 0 0 0 0 0 0 0 	# -5.394184 -0.006292 -0.034909 0.009596 0.148351 -0.990919 -0.005634 0.005916 9.645477 10.486702 
277		1.420000	0	5	1.326188		1 2 1 1 3 1 3 0 1 4 0 2 4 1 0 0 1 0 0 3 0 1 2 1 1 0 5 2 2 1 2 3 0 5 0 3 1 0 1 2 1 2 0 2 0 2 2 1 0 1 	# -15.990494 -0.004518 -0.297854 -0.140485 1.486139 -0.112986 -0.025578 -0.133887 -0.667199 -1.200571 
278		0.040000	0	2	0.282843		0 0 0 0 0 0 0 0 0 0 0 0 0 0 0 0 0 0 0 0 0 0 0 0 0 0 0 0 0 0 0 0 0 0 0 0 2 0 0 0 0 0 0 0 0 0 0 0 0 0 	# -3.910671 -0.004650 -0.035643 0.009295 0.148142 -0.617872 -0.004318 0.005638 5.907961 6.749125 
279		1.260000	0	4	1.174734		0 0 1 0 2 3 2 0 1 3 0 0 1 4 0 1 1 1 2 3 1 0 2 3 0 1 1 0 1 2 4 1 2 2 2 1 1 1 0 2 0 0 2 4 2 2 0 0 0 1 	# -16.374664 0.000309 -0.302395 -0.142417 1.481542 -0.234536 -0.022176 -0.135148 0.511241 -0.019382 
280		0.080000	0	3	0.444467		0 0 0 0 0 0 0 0 3 0 0 0 0 0 0 0 0 0 0 0 0 0 0 0 0 0 0 1 0 0 0 0 0 0 0 0 0 0 0 0 0 0 0 0 0 0 0 0 0 0 	# -5.394184 -0.006292 -0.034909 0.009596 0.148351 -0.990919 -0.005634 0.005916 9.645477 10.486702 
281		1.520000	0	6	1.403203		3 5 1 0 0 1 5 1 1 2 2 4 0 2 0 1 1 3 0 1 1 1 2 3 2 1 1 1 3 2 1 2 1 1 1 0 1 2 6 0 2 3 1 1 0 0 3 0 1 0 	# -15.990494 -0.004518 -0.297854 -0.140485 1.486139 -0.112986 -0.025578 -0.133887 -0.667199 -1.200571 
282		0.100000	0	4	0.580288		0 0 0 0 0 0 0 0 0 0 0 0 0 0 0 0 0 0 0 0 4 0 0 0 0 0 0 0 0 0 0 0 0 0 0 0 0 0 0 0 0 0 0 0 0 0 0 1 0 0 	# -3.910671 -0.004650 -0.035643 0.009295 0.148142 -0.617872 -0.004318 0.005638 5.907961 6.749125 
283		1.160000	0	7	1.475791		1 5 1 2 2 2 1 1 0 1 0 1 3 5 1 2 0 2 0 0 0 0 1 0 1 0 3 0 1 0 0 1 1 3 1 1 0 0 1 1 2 0 2 2 7 0 0 0 0 0 	# -16.374664 0.000309 -0.302395 -0.142417 1.481542 -0.234536 -0.022176 -0.135148 0.511241 -0.019382 
284		0.080000	0	4	0.565685		0 0 0 0 0 0 0 0 0 0 0 0 0 0 0 0 0 0 0 0 0 0 0 0 0 0 0 0 0 0 0 0 0 0 0 0 0 0 0 0 0 4 0 0 0 0 0 0 0 0 	# -5.394184 -0.006292 -0.034909 0.009596 0.148351 -0.990919 -0.005634 0.005916 9.645477 10.486702 
285		1.340000	0	6	1.479244		1 2 3 3 2 2 2 4 6 2 1 5 5 0 0 0 1 2 0 4 0 1 0 0 0 1 0 1 0 0 0 0 0 1 2 1 1 2 1 1 1 1 1 3 2 0 1 0 1 0 	# -15.990494 -0.004518 -0.297854 -0.140485 1.486139 -0.112986 -0.025578 -0.133887 -0.667199 -1.200571 
286		0.140000	0	5	0.756199		0 0 0 0 0 0 0 0 0 0 0 0 0 0 0 0 0 2 0 0 0 0 0 5 0 0 0 0 0 0 0 0 0 0 0 0 0 0 0 0 0 0 0 0 0 0 0 0 0 0 	# -3.910671 -0.004650 -0.035643 0.009295 0.148142 -0.617872 -0.004318 0.005638 5.907961 6.749125 
287		1.500000	0	7	1.568178		1 0 0 4 0 1 1 1 1 1 0 1 1 0 3 1 5 1 4 4 1 3 4 2 0 0 7 0 0 2 0 1 4 1 1 2 0 2 4 0 1 1 0 1 1 1 1 2 2 1 	# -16.374664 0.000309 -0.302395 -0.142417 1.481542 -0.234536 -0.022176 -0.135148 0.511241 -0.019382 
288		0.040000	0	2	0.282843		0 0 0 0 0 0 0 0 0 0 0 0 0 0 0 0 0 0 0 0 0 0 0 0 0 0 0 0 0 2 0 0 0 0 0 0 0 0 0 0 0 0 0 0 0 0 0 0 0 0 	# -5.394184 -0.006292 -0.034909 0.009596 0.148351 -0.990919 -0.005634 0.005916 9.645477 10.486702 
289		0.980000	0	5	1.203566		1 1 0 0 0 0 1 0 0 0 1 0 0 2 2 2 1 1 5 0 0 0 1 2 1 4 2 2 0 1 1 1 4 1 0 1 0 3 2 1 0 3 0 0 1 0 0 1 0 0 	# -15.990494 -0.004518 -0.297854 -0.140485 1.486139 -0.112986 -0.025578 -0.133887 -0.667199 -1.200571 
290		0.020000	0	1	0.141421		0 0 0 0 0 0 0 0 0 0 0 0 0 0 0 0 0 0 0 0 0 0 0 0 0 0 0 0 1 0 0 0 0 0 0 0 0 0 0 0 0 0 0 0 0 0 0 0 0 0 	# -3.910671 -0.004650 -0.035643 0.009295 0.148142 -0.617872 -0.004318 0.005638 5.907961 6.749125 
291		1.280000	0	5	1.355864		0 0 1 3 0 5 0 0 5 2 1 2 0 1 3 1 0 2 3 1 2 0 1 1 2 0 1 0 0 1 0 1 2 0 0 1 1 1 3 2 0 2 4 1 4 0 0 0 2 2 	# -16.374664 0.000309 -0.302395 -0.142417 1.481542 -0.234536 -0.022176 -0.135148 0.511241 -0.019382 
292		0.100000	0	5	0.707107		0 0 0 0 0 0 0 5 0 0 0 0 0 0 0 0 0 0 0 0 0 0 0 0 0 0 0 0 0 0 0 0 0 0 0 0 0 0 0 0 0 0 0 0 0 0 0 0 0 0 	# -5.394184 -0.006292 -0.034909 0.009596 0.148351 -0.990919 -0.005634 0.005916 9.645477 10.486702 
293		0.900000	0	4	1.073807		1 0 2 4 0 1 0 0 0 1 1 2 0 1 1 1 0 1 0 0 0 0 1 0 4 0 1 1 0 2 3 1 1 2 0 0 1 1 0 1 0 4 1 1 1 0 0 1 2 0 	# -15.990494 -0.004518 -0.297854 -0.140485 1.486139 -0.112986 -0.025578 -0.133887 -0.667199 -1.200571 
294		0.140000	0	4	0.700146		0 3 0 0 0 0 0 0 0 0 0 0 0 0 0 0 0 0 0 0 0 0 0 0 0 0 0 0 0 0 0 0 0 0 0 0 0 0 0 0 0 0 0 0 0 0 0 0 0 4 	# -3.910671 -0.004650 -0.035643 0.009295 0.148142 -0.617872 -0.004318 0.005638 5.907961 6.749125 
295		0.980000	0	4	1.220405		1 4 1 0 0 1 0 0 1 3 0 0 2 3 0 1 4 0 3 0 0 1 0 2 0 0 1 0 0 1 1 4 2 0 1 0 0 1 0 1 1 1 0 0 0 0 3 3 1 1 	# -16.374664 0.000309 -0.302395 -0.142417 1.481542 -0.234536 -0.022176 -0.135148 0.511241 -0.019382 
296		0.000000	0	0	0.000000		0 0 0 0 0 0 0 0 0 0 0 0 0 0 0 0 0 0 0 0 0 0 0 0 0 0 0 0 0 0 0 0 0 0 0 0 0 0 0 0 0 0 0 0 0 0 0 0 0 0 	# -5.394184 -0.006292 -0.034909 0.009596 0.148351 -0.990919 -0.005634 0.005916 9.645477 10.486702 
297		1.040000	0	4	1.087217		1 2 1 0 1 2 1 2 0 0 1 1 0 1 1 3 1 1 1 1 1 0 2 0 1 0 0 4 1 0 0 0 0 1 0 0 0 0 2 0 1 3 0 2 0 3 2 2 4 2 	# -15.990494 -0.004518 -0.297854 -0.140485 1.486139 -0.112986 -0.025578 -0.133887 -0.667199 -1.200571 
298		0.080000	0	3	0.444467		0 0 0 0 0 0 0 0 0 0 0 0 0 0 0 0 0 0 0 0 0 0 0 0 0 0 0 0 0 0 0 0 0 0 0 0 0 0 0 1 0 0 3 0 0 0 0 0 0 0 	# -3.910671 -0.004650 -0.035643 0.009295 0.148142 -0.617872 -0.004318 0.005638 5.907961 6.749125 
299		1.420000	0	4	1.144463		1 2 0 1 4 4 0 0 2 2 0 2 0 0 1 2 2 2 1 2 1 1 1 2 4 0 3 3 2 1 1 2 2 0 1 3 1 0 2 1 0 2 2 0 0 3 0 1 2 2 	# -16.374664 0.000309 -0.302395 -0.142417 1.481542 -0.234536 -0.022176 -0.135148 0.511241 -0.019382 
