# Episode	Mean score	Min	Max	Standard deviation	Scores	# Feature weights	
0		749.760000	1	3748	729.203439		383 244 311 370 48 729 1681 453 807 503 387 786 2191 402 48 92 1194 653 647 484 188 1546 370 306 1872 1 1711 1617 3748 819 102 845 183 518 658 86 541 862 345 248 403 310 699 144 1325 2075 230 1201 1876 246 	# 280.347594 -0.487815 -6.192506 -1.457147 -1.404107 -11.013350 -1.093536 -1.664399 11.808566 12.223890 
1		0.060000	0	1	0.239898		0 0 0 0 0 1 0 0 0 0 1 0 0 0 0 0 0 0 0 0 0 0 0 0 0 0 0 0 0 0 0 0 0 0 0 0 0 0 0 0 0 0 0 0 1 0 0 0 0 0 	# -15065.522974 32.057170 285.473560 60.755412 58.681507 529.884214 67.822683 74.675812 -162.077002 -99.583106 
2		0.060000	0	1	0.239898		0 0 0 0 0 0 0 0 0 0 0 1 0 0 0 0 0 0 0 0 0 0 0 0 0 0 0 0 0 0 0 0 0 0 0 0 0 1 0 0 0 0 0 0 0 0 1 0 0 0 	# 1166.836886 16.294662 27.987715 2.686471 -103.908659 7.153968 13.510314 2.397229 -22.406041 76.155662 
3		0.860000	0	6	1.277913		0 0 2 1 1 1 0 0 1 2 1 0 0 1 0 0 0 2 0 1 0 1 1 0 0 1 0 1 0 0 0 0 0 2 5 1 2 1 0 0 1 0 0 3 0 3 6 0 2 0 	# -34.421968 0.505028 -2.917164 -0.658176 1.333823 -0.652790 0.807842 -0.507198 0.170355 0.785332 
4		5.880000	0	29	6.374823		7 0 12 10 1 3 0 12 5 0 3 29 18 7 2 15 13 6 14 4 4 0 3 0 0 4 0 0 0 0 1 5 3 4 9 11 4 0 2 0 4 13 19 2 15 1 12 8 0 9 	# -2.505163 -0.155380 -0.495233 0.002616 0.907371 -0.118144 -0.131977 0.004456 -2.194202 -2.066859 
5		169.740000	3	787	169.230890		41 20 326 78 408 18 210 49 68 10 85 47 245 189 45 787 390 182 90 198 4 77 315 35 174 102 67 335 263 128 241 122 58 433 131 109 148 273 13 12 3 14 542 547 30 80 74 68 404 199 	# 64.406220 -0.764750 -1.515828 -0.268527 1.726301 -2.500538 -0.970155 -0.361302 -2.016219 -3.461235 
6		609.040000	48	3143	708.523125		147 176 307 386 69 210 1511 390 213 582 443 246 3143 94 83 541 495 1707 842 2767 2083 48 363 122 2159 1164 164 58 168 174 755 216 611 237 66 1229 135 545 463 262 1344 117 917 105 447 158 266 584 181 959 	# 1072.690987 -2.706759 -20.168222 -4.246224 -4.161705 -37.692843 -5.182442 -5.247966 12.994987 9.586216 
7		0.060000	0	1	0.239898		0 0 0 0 0 0 0 0 0 0 0 0 0 0 0 1 0 0 0 0 0 0 0 0 0 0 0 0 0 0 1 0 0 0 0 0 0 0 0 0 0 1 0 0 0 0 0 0 0 0 	# -12053.267953 25.433303 226.264266 47.727281 47.777849 412.323832 53.952985 58.994421 -30.177711 19.525614 
8		0.040000	0	1	0.197949		0 0 0 0 0 0 0 0 0 0 0 0 0 0 0 0 0 0 0 0 0 0 0 0 0 0 0 0 0 0 0 0 0 0 0 0 0 0 0 1 0 0 0 0 0 0 0 0 1 0 	# 930.898155 13.145794 22.092315 2.092621 -83.654767 4.507367 11.020220 1.896195 -5.386680 74.483853 
9		0.800000	0	7	1.456863		0 0 1 1 1 0 0 0 0 0 2 0 0 1 0 0 2 5 0 0 0 0 0 0 0 4 0 2 7 0 0 0 1 1 1 0 0 0 0 0 2 0 2 0 0 3 0 3 0 1 	# -30.699917 0.404149 -2.403901 -0.544898 1.342047 -0.386523 0.648809 -0.422842 -1.423524 -0.998442 
10		9.300000	0	49	8.983545		0 17 0 0 2 0 49 12 9 10 2 6 21 7 14 10 18 0 5 0 20 5 7 1 8 16 7 9 2 24 12 10 24 3 7 5 6 1 11 14 16 26 11 0 9 7 2 6 6 8 	# -2.650757 -0.148741 -0.419175 0.006117 0.846895 -0.207609 -0.130892 0.005919 -0.967289 -0.797296 
11		185.620000	8	563	162.238536		532 261 249 161 113 164 24 104 370 347 82 8 57 473 457 30 215 13 35 140 39 41 63 52 56 56 53 104 179 315 475 463 224 506 104 323 23 102 231 41 170 52 153 286 41 93 563 401 199 38 	# 62.966883 -0.730620 -1.471210 -0.256954 1.654955 -2.189880 -0.927142 -0.348314 -4.168422 -5.516352 
12		683.020000	2	2979	659.399711		286 608 252 1010 47 233 1221 358 1710 786 32 155 407 230 1198 2979 99 1739 1401 11 316 2231 917 768 1822 396 1011 1123 89 2 488 326 877 664 842 106 89 264 269 145 593 360 2136 525 8 68 532 635 911 876 	# 1067.298963 -2.694121 -20.074289 -4.226371 -4.137816 -37.596490 -5.158265 -5.223450 13.731267 10.338556 
13		0.000000	0	0	0.000000		0 0 0 0 0 0 0 0 0 0 0 0 0 0 0 0 0 0 0 0 0 0 0 0 0 0 0 0 0 0 0 0 0 0 0 0 0 0 0 0 0 0 0 0 0 0 0 0 0 0 	# -12013.801803 25.350224 225.528483 47.571939 47.625909 411.036142 53.776684 58.802210 -30.638664 18.901326 
14		0.000000	0	0	0.000000		0 0 0 0 0 0 0 0 0 0 0 0 0 0 0 0 0 0 0 0 0 0 0 0 0 0 0 0 0 0 0 0 0 0 0 0 0 0 0 0 0 0 0 0 0 0 0 0 0 0 	# 929.374375 13.103362 22.020873 2.085846 -83.385333 4.861243 10.984677 1.890068 -9.053573 70.563058 
15		0.740000	0	5	1.225744		0 0 0 4 0 3 1 0 0 0 3 0 0 1 0 1 0 1 5 2 2 0 0 3 1 1 0 0 0 3 0 2 0 0 0 0 1 0 0 2 0 0 0 1 0 0 0 0 0 0 	# -30.788002 0.402734 -2.396756 -0.543354 1.342324 -0.417491 0.646576 -0.421704 -1.099294 -0.677045 
16		9.380000	0	41	9.561594		4 12 5 1 0 0 15 1 2 41 12 11 5 0 15 20 12 6 20 6 36 15 5 7 2 5 3 2 1 7 6 15 3 6 12 8 18 22 6 0 8 0 25 3 33 9 0 17 0 7 	# -2.639681 -0.148860 -0.418891 0.006182 0.847139 -0.204843 -0.131038 0.005961 -0.994686 -0.825051 
17		126.040000	1	304	77.604429		80 66 1 266 94 152 217 116 200 106 237 60 260 84 100 16 168 175 88 222 251 105 83 39 69 138 67 49 175 29 56 20 39 152 104 129 304 55 169 66 107 60 137 121 145 242 131 285 53 214 	# 62.675117 -0.730625 -1.471198 -0.256954 1.654961 -2.262981 -0.927151 -0.348316 -3.437564 -4.785513 
18		796.180000	19	2765	667.016069		541 715 199 73 1468 108 2083 287 28 752 677 212 849 462 849 200 2765 197 951 120 58 448 961 110 19 1148 1923 1436 2245 872 1081 1260 599 993 1217 817 1482 1376 288 1994 143 1748 1134 387 1148 282 200 359 428 117 	# 1067.405617 -2.694125 -20.074316 -4.226377 -4.137823 -37.570262 -5.158273 -5.223457 13.468477 10.075760 
19		0.000000	0	0	0.000000		0 0 0 0 0 0 0 0 0 0 0 0 0 0 0 0 0 0 0 0 0 0 0 0 0 0 0 0 0 0 0 0 0 0 0 0 0 0 0 0 0 0 0 0 0 0 0 0 0 0 	# -12013.698851 25.350249 225.528706 47.571986 47.625955 411.065256 53.776737 58.802268 -30.925767 18.614273 
20		0.040000	0	1	0.197949		0 0 0 0 0 0 0 0 0 0 0 0 0 0 0 0 0 0 0 0 0 0 0 0 0 0 0 0 0 1 0 0 0 0 0 0 0 0 0 0 0 0 0 0 0 0 0 1 0 0 	# 928.939955 13.103375 22.020895 2.085848 -83.385414 4.752416 10.984688 1.890070 -7.965259 71.651450 
21		0.480000	0	3	0.814160		0 0 0 2 0 0 0 0 0 3 2 0 0 0 0 0 2 0 0 0 1 0 0 0 0 1 1 1 0 0 1 1 0 0 0 1 1 0 0 0 0 0 1 3 2 0 0 0 0 1 	# -30.888485 0.402735 -2.396758 -0.543355 1.342324 -0.442609 0.646576 -0.421705 -0.848119 -0.425870 
22		8.720000	0	31	7.703802		20 0 23 12 5 20 6 0 8 0 4 6 13 3 18 13 28 9 9 7 6 7 0 11 17 4 0 3 8 5 5 12 4 19 14 8 7 2 14 3 0 4 25 31 7 5 2 4 5 0 	# -2.082518 -0.148860 -0.418891 0.006182 0.847139 -0.065553 -0.131038 0.005961 -2.387593 -2.217958 
23		162.720000	9	640	144.448429		429 433 140 41 237 73 155 126 432 74 130 108 68 95 27 38 75 25 44 52 640 236 42 123 215 9 65 42 195 256 30 151 153 104 78 150 311 542 207 381 274 25 216 26 321 36 80 85 135 206 	# 62.607754 -0.730625 -1.471198 -0.256954 1.654961 -2.279822 -0.927151 -0.348316 -3.269156 -4.617105 
24		555.220000	75	2259	510.982059		250 77 119 502 355 75 431 496 1179 703 847 462 1295 386 263 279 186 390 259 179 1615 1181 1406 845 851 1557 2113 238 346 357 611 140 341 283 303 236 2259 534 196 299 80 369 507 241 555 384 474 143 447 117 	# 1067.360296 -2.694125 -20.074316 -4.226377 -4.137823 -37.581592 -5.158273 -5.223457 13.581778 10.189061 
25		0.000000	0	0	0.000000		0 0 0 0 0 0 0 0 0 0 0 0 0 0 0 0 0 0 0 0 0 0 0 0 0 0 0 0 0 0 0 0 0 0 0 0 0 0 0 0 0 0 0 0 0 0 0 0 0 0 	# -12014.007216 25.350249 225.528706 47.571986 47.625955 410.988163 53.776737 58.802268 -30.154844 19.385195 
26		0.020000	0	1	0.141421		0 0 0 0 0 0 0 0 0 0 0 0 0 0 0 0 0 0 0 0 0 0 0 0 0 0 0 0 0 1 0 0 0 0 0 0 0 0 0 0 0 0 0 0 0 0 0 0 0 0 	# 930.730663 13.103375 22.020895 2.085848 -83.385414 5.200093 10.984688 1.890070 -12.442030 67.174678 
27		0.660000	0	10	1.673442		2 0 0 0 1 0 0 1 0 0 0 0 0 0 3 0 1 1 0 0 5 0 0 1 0 2 0 0 1 10 0 0 0 0 3 0 0 0 0 1 0 0 0 0 0 0 0 1 0 0 	# -30.822846 0.402735 -2.396758 -0.543355 1.342324 -0.426199 0.646576 -0.421705 -1.012215 -0.589966 
28		9.300000	0	51	12.284468		45 0 5 8 0 13 10 8 5 3 37 2 1 7 51 2 37 6 1 2 38 0 3 5 10 2 5 0 0 8 7 2 6 8 8 15 27 2 6 1 17 6 2 5 17 0 0 7 0 15 	# -2.831912 -0.148860 -0.418891 0.006182 0.847139 -0.252901 -0.131038 0.005961 -0.514109 -0.344475 
29		173.020000	11	998	184.021016		22 65 663 120 195 47 306 406 197 571 120 370 216 89 84 998 277 87 81 189 26 92 205 11 69 216 14 27 143 156 65 102 12 265 59 269 94 127 18 259 111 181 27 14 104 349 150 46 304 33 	# 62.998326 -0.730625 -1.471198 -0.256954 1.654961 -2.182179 -0.927151 -0.348316 -4.245584 -5.593534 
30		549.280000	26	1505	371.039524		686 26 808 746 142 405 378 313 1505 358 1087 994 1354 1027 543 614 503 112 847 95 663 567 40 1098 360 575 489 305 890 227 106 514 76 132 301 361 313 281 180 83 499 1120 798 569 1236 995 700 415 292 736 	# 1067.712690 -2.694125 -20.074316 -4.226377 -4.137823 -37.493493 -5.158273 -5.223457 12.700793 9.308076 
31		0.020000	0	1	0.141421		0 0 0 0 0 0 0 0 0 0 0 0 0 0 0 0 0 0 0 0 0 0 0 0 0 0 0 0 1 0 0 0 0 0 0 0 0 0 0 0 0 0 0 0 0 0 0 0 0 0 	# -12014.061452 25.350249 225.528706 47.571986 47.625955 410.974604 53.776737 58.802268 -30.019254 19.520786 
32		0.040000	0	1	0.197949		0 0 0 0 0 1 0 0 0 0 0 1 0 0 0 0 0 0 0 0 0 0 0 0 0 0 0 0 0 0 0 0 0 0 0 0 0 0 0 0 0 0 0 0 0 0 0 0 0 0 	# 927.291560 13.103375 22.020895 2.085848 -83.385414 4.340317 10.984688 1.890070 -3.844274 75.772434 
33		0.700000	0	3	1.035098		1 0 2 3 1 0 0 0 0 2 0 0 3 1 1 0 0 0 0 3 0 3 0 1 1 0 0 0 0 1 0 0 0 0 0 1 0 0 0 2 0 0 0 0 1 3 0 1 3 1 	# -30.934400 0.402735 -2.396758 -0.543355 1.342324 -0.454087 0.646576 -0.421705 -0.733330 -0.311081 
34		8.040000	0	34	9.041763		0 12 14 10 2 8 12 30 3 18 1 9 10 0 2 3 0 0 4 34 4 0 34 5 0 7 15 7 6 1 4 20 29 1 0 0 13 5 0 4 15 1 0 3 6 19 8 11 0 12 	# -2.707837 -0.148860 -0.418891 0.006182 0.847139 -0.221882 -0.131038 0.005961 -0.824295 -0.654660 
35		154.680000	9	831	170.417547		56 437 216 9 321 64 107 74 183 313 192 57 80 416 25 57 86 50 106 12 47 593 33 65 45 116 152 67 77 831 75 553 152 50 138 144 71 170 241 77 24 96 91 72 487 43 155 25 68 115 	# 62.872220 -0.730625 -1.471198 -0.256954 1.654961 -2.213705 -0.927151 -0.348316 -3.930319 -5.278269 
36		675.020000	20	2574	602.539540		1915 545 788 30 157 508 745 20 1217 126 122 983 857 192 128 860 83 193 2574 2093 843 463 1534 711 55 1864 370 1144 187 573 277 758 1150 522 67 879 247 680 20 136 152 78 1467 246 1012 1054 155 1229 989 753 	# 1067.698079 -2.694125 -20.074316 -4.226377 -4.137823 -37.497146 -5.158273 -5.223457 12.737320 9.344603 
37		0.080000	0	1	0.274048		0 0 0 0 0 0 1 0 0 0 0 0 0 0 0 0 0 0 0 0 0 0 0 1 0 0 1 0 0 0 0 0 0 1 0 0 0 0 0 0 0 0 0 0 0 0 0 0 0 0 	# -12014.061452 25.350249 225.528706 47.571986 47.625955 410.974604 53.776737 58.802268 -30.019254 19.520786 
38		0.000000	0	0	0.000000		0 0 0 0 0 0 0 0 0 0 0 0 0 0 0 0 0 0 0 0 0 0 0 0 0 0 0 0 0 0 0 0 0 0 0 0 0 0 0 0 0 0 0 0 0 0 0 0 0 0 	# 927.607137 13.103375 22.020895 2.085848 -83.385414 4.419212 10.984688 1.890070 -4.633215 74.983493 
39		0.520000	0	5	0.973946		0 0 0 0 0 0 0 0 0 1 0 1 0 0 1 0 1 0 1 0 0 0 0 0 1 0 0 0 1 0 0 1 0 1 5 1 3 2 0 3 0 0 1 0 0 0 1 0 0 1 	# -30.627966 0.402735 -2.396758 -0.543355 1.342324 -0.377479 0.646576 -0.421705 -1.499417 -1.077168 
40		7.100000	0	35	7.343608		7 0 0 7 8 0 1 0 6 3 5 18 1 15 11 8 10 3 35 0 0 15 1 8 4 14 14 11 0 21 1 7 0 0 18 3 4 13 4 2 23 3 3 10 0 11 10 8 0 9 	# -2.850887 -0.148860 -0.418891 0.006182 0.847139 -0.257645 -0.131038 0.005961 -0.466670 -0.297035 
41		156.100000	8	671	133.748965		31 351 143 359 102 115 138 126 96 8 27 261 448 93 64 222 81 26 671 203 338 144 342 27 52 105 203 171 128 108 121 41 26 35 132 148 100 346 149 42 86 132 74 88 359 59 173 42 102 367 	# 62.876838 -0.730625 -1.471198 -0.256954 1.654961 -2.212551 -0.927151 -0.348316 -3.941865 -5.289814 
42		694.780000	36	2573	611.672725		431 763 179 601 1134 829 146 1538 346 1450 395 627 55 51 354 1170 1562 1809 208 432 366 2573 40 244 732 2339 1140 709 416 1301 240 839 114 55 200 551 37 910 818 688 1756 36 244 422 1221 253 901 1173 289 52 	# 1067.607127 -2.694125 -20.074316 -4.226377 -4.137823 -37.519884 -5.158273 -5.223457 12.964700 9.571983 
43		0.000000	0	0	0.000000		0 0 0 0 0 0 0 0 0 0 0 0 0 0 0 0 0 0 0 0 0 0 0 0 0 0 0 0 0 0 0 0 0 0 0 0 0 0 0 0 0 0 0 0 0 0 0 0 0 0 	# -12014.061452 25.350249 225.528706 47.571986 47.625955 410.974604 53.776737 58.802268 -30.019254 19.520786 
44		0.060000	0	2	0.313636		0 0 0 0 0 0 0 0 0 0 0 0 1 2 0 0 0 0 0 0 0 0 0 0 0 0 0 0 0 0 0 0 0 0 0 0 0 0 0 0 0 0 0 0 0 0 0 0 0 0 	# 927.764961 13.103375 22.020895 2.085848 -83.385414 4.458668 10.984688 1.890070 -5.027776 74.588932 
45		0.620000	0	4	0.987473		0 1 0 0 1 3 1 0 1 0 0 1 0 0 0 2 0 0 2 2 0 0 0 0 0 0 0 4 1 0 0 0 0 3 2 2 0 1 1 0 0 2 1 0 0 0 0 0 0 0 	# -31.043783 0.402735 -2.396758 -0.543355 1.342324 -0.481433 0.646576 -0.421705 -0.459873 -0.037624 
46		8.640000	0	39	8.854285		3 26 5 0 15 0 14 6 28 15 3 0 6 5 10 4 3 4 0 20 12 3 18 27 18 9 3 10 10 7 2 5 6 4 0 0 0 10 0 6 39 5 6 5 28 3 12 6 11 0 	# -2.946254 -0.148860 -0.418891 0.006182 0.847139 -0.281487 -0.131038 0.005961 -0.228253 -0.058619 
47		165.700000	5	717	159.208405		186 5 148 54 100 428 96 10 136 159 66 317 128 67 69 289 100 90 101 58 82 63 425 362 431 154 295 43 592 58 116 88 140 37 16 46 56 216 188 80 12 93 717 121 98 172 139 557 200 81 	# 62.782012 -0.730625 -1.471198 -0.256954 1.654961 -2.236257 -0.927151 -0.348316 -3.704800 -5.052750 
48		691.740000	6	2353	568.792269		6 200 347 999 546 392 387 195 981 1025 1027 487 1351 2353 440 755 512 484 765 1898 61 294 590 613 2243 308 1059 321 639 1285 41 235 813 704 331 842 314 85 526 1351 1447 1077 519 87 445 475 2040 518 122 52 	# 1067.712690 -2.694125 -20.074316 -4.226377 -4.137823 -37.493493 -5.158273 -5.223457 12.700793 9.308076 
49		0.000000	0	0	0.000000		0 0 0 0 0 0 0 0 0 0 0 0 0 0 0 0 0 0 0 0 0 0 0 0 0 0 0 0 0 0 0 0 0 0 0 0 0 0 0 0 0 0 0 0 0 0 0 0 0 0 	# -12014.112355 25.350249 225.528706 47.571986 47.625955 410.961878 53.776737 58.802268 -29.891995 19.648044 
50		0.040000	0	1	0.197949		0 0 0 0 0 0 0 0 0 0 0 0 0 0 0 0 0 0 0 0 0 0 0 0 0 0 0 0 1 1 0 0 0 0 0 0 0 0 0 0 0 0 0 0 0 0 0 0 0 0 	# 927.480476 13.103375 22.020895 2.085848 -83.385414 4.387546 10.984688 1.890070 -4.316562 75.300147 
51		0.580000	0	4	1.011969		0 3 0 0 0 0 0 0 4 0 0 0 0 1 0 1 1 0 0 1 0 0 1 0 0 1 0 1 0 0 1 2 0 0 2 2 4 0 2 0 0 0 0 0 1 0 0 0 1 0 	# -30.871476 0.402735 -2.396758 -0.543355 1.342324 -0.438356 0.646576 -0.421705 -0.890641 -0.468392 
52		8.000000	0	46	8.743511		2 1 5 15 1 6 7 10 17 46 4 14 12 9 2 0 4 9 3 21 13 2 12 3 4 9 11 6 10 0 8 0 7 0 3 11 5 0 14 35 0 21 0 8 8 11 6 1 4 0 	# -2.707837 -0.148860 -0.418891 0.006182 0.847139 -0.221882 -0.131038 0.005961 -0.824295 -0.654660 
53		151.100000	8	489	112.415093		69 239 125 179 62 198 156 318 99 170 70 85 276 67 69 206 196 132 236 17 129 382 489 58 76 15 37 211 294 141 200 78 63 28 227 111 76 73 70 103 407 8 168 376 250 201 45 214 33 23 	# 62.872220 -0.730625 -1.471198 -0.256954 1.654961 -2.213705 -0.927151 -0.348316 -3.930319 -5.278269 
54		688.080000	15	2656	669.042046		288 167 423 213 15 1503 1582 1367 101 2656 254 1057 2056 265 316 259 247 52 599 141 457 404 2130 547 280 1443 449 1047 526 151 98 54 2425 668 1046 1560 676 23 833 665 1257 553 680 681 211 31 293 193 1442 20 	# 1067.743555 -2.694125 -20.074316 -4.226377 -4.137823 -37.485777 -5.158273 -5.223457 12.623630 9.230913 
55		0.060000	0	1	0.239898		0 0 0 0 0 0 0 0 1 0 0 0 1 1 0 0 0 0 0 0 0 0 0 0 0 0 0 0 0 0 0 0 0 0 0 0 0 0 0 0 0 0 0 0 0 0 0 0 0 0 	# -12014.082624 25.350249 225.528706 47.571986 47.625955 410.969311 53.776737 58.802268 -29.966324 19.573715 
56		0.060000	0	1	0.239898		1 0 0 1 0 0 0 0 0 0 0 0 0 0 0 0 0 0 0 0 0 0 0 1 0 0 0 0 0 0 0 0 0 0 0 0 0 0 0 0 0 0 0 0 0 0 0 0 0 0 	# 928.204973 13.103375 22.020895 2.085848 -83.385414 4.568671 10.984688 1.890070 -6.127806 73.488902 
57		0.600000	0	4	1.049781		0 0 0 0 3 0 1 1 0 2 0 1 0 0 0 0 0 4 1 0 0 0 0 0 0 0 0 0 2 0 0 1 1 1 3 0 0 3 0 0 0 0 0 0 1 0 0 0 2 3 	# -31.044643 0.402735 -2.396758 -0.543355 1.342324 -0.481648 0.646576 -0.421705 -0.457724 -0.035475 
58		8.340000	0	41	7.898876		22 0 15 4 13 16 19 0 19 0 6 5 2 0 41 0 6 1 8 17 5 2 18 12 1 16 0 4 6 9 5 6 7 8 7 10 0 0 14 20 2 6 8 16 10 2 13 4 6 6 	# -2.798354 -0.148860 -0.418891 0.006182 0.847139 -0.244512 -0.131038 0.005961 -0.598003 -0.428368 
59		142.760000	3	564	132.477115		99 299 145 198 207 94 545 485 80 67 564 5 65 292 337 54 54 85 57 217 49 48 15 121 168 3 68 127 231 99 128 9 382 113 168 123 180 155 38 129 232 95 5 123 141 8 85 31 94 21 	# 63.129050 -0.730625 -1.471198 -0.256954 1.654961 -2.149498 -0.927151 -0.348316 -4.572395 -5.920344 
60		558.660000	8	2371	565.537837		672 623 158 292 57 31 690 2352 330 72 427 273 726 622 265 237 531 494 875 1700 683 764 330 745 61 8 188 235 887 567 831 2297 238 1288 215 372 485 89 252 122 619 197 46 524 2371 27 547 578 138 802 	# 1067.730632 -2.694125 -20.074316 -4.226377 -4.137823 -37.489008 -5.158273 -5.223457 12.655939 9.263222 
61		0.020000	0	1	0.141421		0 0 0 0 0 0 0 0 0 0 0 0 0 0 0 0 0 0 0 1 0 0 0 0 0 0 0 0 0 0 0 0 0 0 0 0 0 0 0 0 0 0 0 0 0 0 0 0 0 0 	# -12014.036732 25.350249 225.528706 47.571986 47.625955 410.980784 53.776737 58.802268 -30.081054 19.458985 
62		0.040000	0	1	0.197949		0 0 0 0 0 0 0 0 0 0 0 0 0 0 0 1 0 0 0 0 0 0 0 1 0 0 0 0 0 0 0 0 0 0 0 0 0 0 0 0 0 0 0 0 0 0 0 0 0 0 	# 929.909661 13.103375 22.020895 2.085848 -83.385414 4.994843 10.984688 1.890070 -10.389526 69.227182 
63		0.840000	0	5	1.330337		0 1 0 0 1 0 0 0 0 0 2 0 0 0 3 0 0 2 2 0 0 0 3 4 0 0 0 2 3 5 0 0 0 3 0 0 2 0 1 0 0 2 1 0 0 0 4 0 1 0 	# -30.917437 0.402735 -2.396758 -0.543355 1.342324 -0.449847 0.646576 -0.421705 -0.775740 -0.353490 
64		7.980000	0	49	10.494877		15 0 7 12 2 1 7 3 26 2 7 9 0 0 4 1 16 21 24 0 2 0 16 0 14 0 1 2 6 17 21 49 0 6 0 0 1 7 4 8 20 40 11 7 4 0 0 4 2 0 	# -2.912697 -0.148860 -0.418891 0.006182 0.847139 -0.273097 -0.131038 0.005961 -0.312147 -0.142512 
65		181.960000	14	644	135.521361		364 95 74 644 66 197 363 353 56 26 14 288 101 98 193 39 298 231 138 40 71 356 262 171 104 43 226 284 235 123 60 52 30 218 74 117 165 308 151 89 391 106 275 17 196 501 78 247 173 297 	# 62.782012 -0.730625 -1.471198 -0.256954 1.654961 -2.236257 -0.927151 -0.348316 -3.704800 -5.052750 
66		706.160000	19	3148	770.001335		240 1116 249 477 156 344 1085 80 47 241 969 368 1455 776 1152 268 3148 716 1110 2721 1596 760 132 1065 1204 796 134 27 2627 153 515 50 242 360 588 334 113 247 21 854 19 3068 349 29 610 883 826 375 443 170 	# 1067.849118 -2.694125 -20.074316 -4.226377 -4.137823 -37.459386 -5.158273 -5.223457 12.359723 8.967006 
67		0.040000	0	1	0.197949		0 0 0 0 0 0 0 0 0 0 0 0 0 0 0 0 0 0 0 0 0 0 0 1 0 0 0 0 0 0 0 0 0 0 0 0 0 0 0 0 1 0 0 0 0 0 0 0 0 0 	# -12014.059678 25.350249 225.528706 47.571986 47.625955 410.975048 53.776737 58.802268 -30.023689 19.516350 
68		0.060000	0	2	0.313636		0 0 0 0 0 0 0 0 0 0 0 0 0 0 0 0 0 0 0 0 0 0 0 0 0 0 2 1 0 0 0 0 0 0 0 0 0 0 0 0 0 0 0 0 0 0 0 0 0 0 	# 927.607137 13.103375 22.020895 2.085848 -83.385414 4.419212 10.984688 1.890070 -4.633215 74.983493 
69		0.900000	0	8	1.619398		0 1 0 6 1 0 8 0 1 0 0 0 1 1 2 0 0 0 0 0 0 1 0 0 0 0 0 0 0 1 1 3 1 0 0 2 1 2 1 5 0 0 1 1 0 0 0 0 1 3 	# -30.296560 0.402735 -2.396758 -0.543355 1.342324 -0.294627 0.646576 -0.421705 -2.327930 -1.905681 
70		9.640000	0	65	11.764284		21 2 0 4 22 6 0 0 5 3 0 6 65 1 22 5 0 4 2 20 0 14 3 7 11 33 28 5 8 11 0 2 13 8 5 10 17 3 5 6 4 18 5 6 34 3 5 20 4 6 	# -2.869863 -0.148860 -0.418891 0.006182 0.847139 -0.262389 -0.131038 0.005961 -0.419231 -0.249596 
71		180.700000	4	530	154.274371		443 51 24 16 152 133 61 82 34 469 195 321 208 230 73 126 442 34 46 339 123 231 130 33 4 503 91 170 156 48 137 453 393 80 237 488 161 422 107 75 228 29 92 49 246 530 65 32 197 46 	# 62.782012 -0.730625 -1.471198 -0.256954 1.654961 -2.236257 -0.927151 -0.348316 -3.704800 -5.052750 
72		565.500000	43	2340	522.421725		387 43 129 212 162 105 1095 1030 1870 574 855 1672 440 220 287 420 651 54 260 2340 268 180 480 774 104 200 880 740 997 142 220 1617 410 63 196 687 636 395 954 56 131 102 931 373 105 1555 281 766 680 546 	# 1067.849118 -2.694125 -20.074316 -4.226377 -4.137823 -37.459386 -5.158273 -5.223457 12.359723 8.967006 
73		0.080000	0	1	0.274048		0 0 0 0 0 0 0 0 0 0 0 0 0 0 0 1 0 0 0 1 0 0 0 0 0 0 0 0 0 0 0 0 0 0 1 0 0 0 0 0 0 0 0 1 0 0 0 0 0 0 	# -12014.031721 25.350249 225.528706 47.571986 47.625955 410.982037 53.776737 58.802268 -30.093582 19.446457 
74		0.080000	0	2	0.340468		0 0 0 0 0 0 0 0 2 0 0 0 0 0 0 0 0 0 0 0 0 0 0 0 0 0 0 0 0 0 0 0 0 0 0 0 0 0 0 0 0 0 1 0 0 0 1 0 0 0 	# 928.635364 13.103375 22.020895 2.085848 -83.385414 4.676268 10.984688 1.890070 -7.203782 72.412926 
75		0.740000	0	4	1.157231		0 0 1 0 3 0 0 0 0 0 0 1 0 0 0 1 0 1 3 3 0 0 0 0 0 3 3 0 0 0 0 0 1 0 3 0 1 0 0 0 1 1 1 0 1 3 4 0 0 2 	# -31.356415 0.402735 -2.396758 -0.543355 1.342324 -0.559591 0.646576 -0.421705 0.321707 0.743956 
76		7.160000	0	28	7.112392		21 9 9 14 0 4 0 17 2 4 10 5 9 0 4 19 4 0 17 4 1 8 3 19 9 7 0 5 23 10 8 9 0 3 0 1 0 5 3 14 0 4 6 0 28 9 13 0 0 18 	# -2.869863 -0.148860 -0.418891 0.006182 0.847139 -0.262389 -0.131038 0.005961 -0.419231 -0.249596 
77		148.480000	7	698	158.079319		422 42 15 17 453 7 40 148 149 117 59 176 29 87 286 393 67 229 281 18 111 77 21 69 16 18 44 102 8 132 389 251 32 305 115 698 7 147 20 16 49 34 291 48 73 472 47 416 104 277 	# 62.867601 -0.730625 -1.471198 -0.256954 1.654961 -2.214860 -0.927151 -0.348316 -3.918774 -5.266724 
78		572.700000	23	2544	632.693634		87 155 124 506 299 1791 1300 111 300 155 431 107 23 420 175 662 285 363 500 762 397 483 237 462 146 1996 2544 198 182 513 215 243 684 931 262 1860 34 97 220 81 185 1215 1771 282 335 179 2381 1115 221 610 	# 1067.758166 -2.694125 -20.074316 -4.226377 -4.137823 -37.482124 -5.158273 -5.223457 12.587103 9.194386 
79		0.040000	0	1	0.197949		0 0 0 0 0 1 0 0 0 1 0 0 0 0 0 0 0 0 0 0 0 0 0 0 0 0 0 0 0 0 0 0 0 0 0 0 0 0 0 0 0 0 0 0 0 0 0 0 0 0 	# -12013.975446 25.350249 225.528706 47.571986 47.625955 410.996106 53.776737 58.802268 -30.234268 19.305771 
80		0.020000	0	1	0.141421		0 0 0 0 0 0 0 0 0 0 0 0 1 0 0 0 0 0 0 0 0 0 0 0 0 0 0 0 0 0 0 0 0 0 0 0 0 0 0 0 0 0 0 0 0 0 0 0 0 0 	# 928.469067 13.103375 22.020895 2.085848 -83.385414 4.634694 10.984688 1.890070 -6.788040 72.828669 
81		0.720000	0	5	1.143571		0 0 0 0 0 0 3 0 2 0 0 5 3 2 0 1 0 1 0 0 0 0 0 0 2 0 0 0 2 0 2 0 0 1 0 0 2 3 0 1 0 0 0 0 2 1 1 0 2 0 	# -31.043783 0.402735 -2.396758 -0.543355 1.342324 -0.481433 0.646576 -0.421705 -0.459873 -0.037624 
82		6.940000	0	40	8.229886		3 21 0 7 3 0 17 0 6 0 0 0 15 6 0 5 5 1 0 6 24 12 6 0 23 1 0 2 26 13 7 5 2 15 4 0 3 4 4 7 10 8 3 4 6 40 8 7 8 0 	# -2.858211 -0.148860 -0.418891 0.006182 0.847139 -0.259476 -0.131038 0.005961 -0.448362 -0.278727 
83		164.760000	12	658	134.385003		62 94 398 109 168 21 41 104 97 24 21 328 75 221 18 33 208 72 276 135 435 166 123 216 126 211 132 355 12 216 76 277 76 262 96 107 309 403 277 206 17 127 35 50 182 130 323 93 658 37 	# 62.782012 -0.730625 -1.471198 -0.256954 1.654961 -2.236257 -0.927151 -0.348316 -3.704800 -5.052750 
84		715.880000	12	3022	706.018894		512 669 1201 790 581 412 2309 258 606 12 328 285 87 745 2441 297 227 438 317 819 1204 112 303 120 92 491 325 677 3022 665 216 389 220 453 572 238 1211 129 2399 121 342 667 1203 468 346 275 704 1915 2059 1522 	# 1067.849118 -2.694125 -20.074316 -4.226377 -4.137823 -37.459386 -5.158273 -5.223457 12.359723 8.967006 
85		0.040000	0	1	0.197949		0 1 0 0 0 0 0 0 0 0 0 0 0 0 0 0 0 0 0 0 0 0 0 0 0 0 0 0 0 0 0 0 0 0 0 0 0 0 0 0 0 0 0 1 0 0 0 0 0 0 	# -12014.059678 25.350249 225.528706 47.571986 47.625955 410.975048 53.776737 58.802268 -30.023689 19.516350 
86		0.020000	0	1	0.141421		0 0 0 0 0 0 0 0 0 0 0 0 0 0 0 0 0 0 0 0 0 0 0 0 0 0 0 0 0 0 0 0 0 0 0 0 0 0 0 0 0 0 0 0 0 0 1 0 0 0 	# 927.607137 13.103375 22.020895 2.085848 -83.385414 4.419212 10.984688 1.890070 -4.633215 74.983493 
87		0.640000	0	4	1.045105		0 0 1 4 0 0 0 0 2 1 0 0 0 0 0 1 0 0 3 0 0 2 1 1 1 0 1 0 0 0 0 0 0 1 0 3 0 0 4 0 1 0 1 0 1 0 1 2 0 0 	# -30.296560 0.402735 -2.396758 -0.543355 1.342324 -0.294627 0.646576 -0.421705 -2.327930 -1.905681 
88		6.900000	0	37	8.591049		1 8 0 0 0 1 23 15 0 0 3 25 3 2 10 9 0 13 0 4 3 2 4 0 0 7 0 1 5 5 22 0 2 15 16 29 37 4 0 0 15 7 14 4 0 5 12 8 11 0 	# -2.869863 -0.148860 -0.418891 0.006182 0.847139 -0.262389 -0.131038 0.005961 -0.419231 -0.249596 
89		178.000000	8	744	160.052797		233 256 169 33 744 71 93 157 186 439 247 210 326 101 316 138 49 137 530 128 9 320 413 122 173 309 15 23 48 58 107 64 78 177 16 395 14 81 153 119 141 133 199 420 11 200 16 8 494 21 	# 62.782012 -0.730625 -1.471198 -0.256954 1.654961 -2.236257 -0.927151 -0.348316 -3.704800 -5.052750 
90		587.640000	39	2917	606.161518		242 639 1316 471 1144 2917 106 464 1137 154 552 248 303 83 465 39 163 821 264 387 503 46 1097 52 229 231 286 1097 639 85 419 364 2505 159 1950 278 253 354 524 697 227 181 201 222 1295 140 938 427 1268 800 	# 1067.849118 -2.694125 -20.074316 -4.226377 -4.137823 -37.459386 -5.158273 -5.223457 12.359723 8.967006 
91		0.040000	0	1	0.197949		0 0 0 0 0 0 0 0 0 0 0 0 0 0 0 0 0 1 1 0 0 0 0 0 0 0 0 0 0 0 0 0 0 0 0 0 0 0 0 0 0 0 0 0 0 0 0 0 0 0 	# -12014.031721 25.350249 225.528706 47.571986 47.625955 410.982037 53.776737 58.802268 -30.093582 19.446457 
92		0.060000	0	1	0.239898		0 0 0 0 0 0 0 0 0 0 0 0 0 0 0 1 0 0 1 0 0 0 0 0 0 0 0 0 0 0 0 0 0 0 0 0 0 0 0 0 1 0 0 0 0 0 0 0 0 0 	# 928.635364 13.103375 22.020895 2.085848 -83.385414 4.676268 10.984688 1.890070 -7.203782 72.412926 
93		0.520000	0	5	0.994680		1 0 0 1 0 0 1 0 1 0 5 0 3 2 0 0 0 1 0 0 0 0 0 0 0 0 3 0 0 1 0 0 1 0 0 0 2 0 0 0 0 1 0 1 0 1 1 0 0 0 	# -31.356415 0.402735 -2.396758 -0.543355 1.342324 -0.559591 0.646576 -0.421705 0.321707 0.743956 
94		8.460000	0	36	8.767309		17 17 6 2 0 0 8 0 14 2 4 3 0 0 19 0 10 8 5 6 6 0 4 25 16 5 8 4 20 0 0 9 4 10 6 13 14 28 36 18 7 31 1 15 11 1 1 7 0 2 	# -2.869863 -0.148860 -0.418891 0.006182 0.847139 -0.262389 -0.131038 0.005961 -0.419231 -0.249596 
95		180.000000	8	645	155.155879		92 328 264 32 42 51 319 206 196 408 645 132 100 159 76 91 290 77 214 117 143 107 55 120 102 251 83 41 212 84 60 284 25 100 79 115 129 69 569 201 164 8 112 370 39 494 398 593 76 78 	# 62.867601 -0.730625 -1.471198 -0.256954 1.654961 -2.214860 -0.927151 -0.348316 -3.918774 -5.266724 
96		615.320000	24	2367	477.631932		296 544 497 1044 333 700 526 451 259 49 1279 24 254 225 1196 226 1293 364 226 726 971 949 1170 447 531 995 730 382 124 480 261 450 1661 528 496 263 173 757 338 1836 723 698 2367 257 560 341 83 229 530 924 	# 1067.758166 -2.694125 -20.074316 -4.226377 -4.137823 -37.482124 -5.158273 -5.223457 12.587103 9.194386 
97		0.020000	0	1	0.141421		0 0 0 0 0 0 0 0 0 0 0 0 0 0 0 0 0 0 0 0 0 0 0 0 0 0 0 1 0 0 0 0 0 0 0 0 0 0 0 0 0 0 0 0 0 0 0 0 0 0 	# -12013.975446 25.350249 225.528706 47.571986 47.625955 410.996106 53.776737 58.802268 -30.234268 19.305771 
98		0.020000	0	1	0.141421		0 0 0 0 0 0 0 0 0 0 0 0 0 0 0 0 0 0 0 0 0 0 0 1 0 0 0 0 0 0 0 0 0 0 0 0 0 0 0 0 0 0 0 0 0 0 0 0 0 0 	# 928.469067 13.103375 22.020895 2.085848 -83.385414 4.634694 10.984688 1.890070 -6.788040 72.828669 
99		0.720000	0	5	1.212856		1 3 1 5 0 0 0 1 2 0 1 1 0 0 1 0 4 0 0 0 0 0 0 0 0 0 0 2 0 0 0 0 2 0 0 0 4 1 0 2 1 2 0 0 0 0 2 0 0 0 	# -31.043783 0.402735 -2.396758 -0.543355 1.342324 -0.481433 0.646576 -0.421705 -0.459873 -0.037624 
100		9.780000	0	53	11.581636		14 13 0 0 6 0 53 12 5 0 2 13 7 2 0 3 49 17 23 17 10 0 0 7 35 0 10 12 1 9 7 20 4 13 12 23 6 10 0 21 13 0 0 7 0 6 3 0 5 19 	# -2.858211 -0.148860 -0.418891 0.006182 0.847139 -0.259476 -0.131038 0.005961 -0.448362 -0.278727 
101		122.980000	5	435	91.967938		111 131 190 78 53 27 89 288 63 102 118 110 43 236 84 86 111 5 244 170 140 297 99 214 26 170 19 77 435 126 241 170 21 81 56 63 272 17 248 37 127 5 193 48 97 44 93 244 109 41 	# 62.782012 -0.730625 -1.471198 -0.256954 1.654961 -2.236257 -0.927151 -0.348316 -3.704800 -5.052750 
102		531.060000	19	2838	530.605830		290 208 61 482 578 112 969 519 89 310 160 19 1764 579 149 136 154 358 424 553 160 295 551 88 540 64 834 123 335 477 113 1013 297 300 563 250 2838 221 1094 773 1619 78 1340 707 895 1222 134 811 171 733 	# 1067.849118 -2.694125 -20.074316 -4.226377 -4.137823 -37.459386 -5.158273 -5.223457 12.359723 8.967006 
103		0.000000	0	0	0.000000		0 0 0 0 0 0 0 0 0 0 0 0 0 0 0 0 0 0 0 0 0 0 0 0 0 0 0 0 0 0 0 0 0 0 0 0 0 0 0 0 0 0 0 0 0 0 0 0 0 0 	# -12014.059678 25.350249 225.528706 47.571986 47.625955 410.975048 53.776737 58.802268 -30.023689 19.516350 
104		0.020000	0	1	0.141421		0 0 0 0 0 0 0 0 0 0 0 0 0 0 0 0 0 0 0 0 0 0 0 0 0 1 0 0 0 0 0 0 0 0 0 0 0 0 0 0 0 0 0 0 0 0 0 0 0 0 	# 927.607137 13.103375 22.020895 2.085848 -83.385414 4.419212 10.984688 1.890070 -4.633215 74.983493 
105		0.940000	0	8	1.683170		1 0 0 0 0 0 0 0 2 2 0 2 1 1 0 2 0 0 0 7 1 3 1 0 0 0 3 1 0 0 0 3 8 0 0 0 1 0 1 0 0 4 0 0 0 1 0 0 1 1 	# -30.296560 0.402735 -2.396758 -0.543355 1.342324 -0.294627 0.646576 -0.421705 -2.327930 -1.905681 
106		6.780000	0	44	8.071846		5 10 10 0 4 1 5 3 6 1 18 4 1 15 9 0 3 0 9 2 9 4 8 4 0 0 0 44 10 2 6 3 4 0 6 6 9 3 22 0 4 9 25 9 0 0 3 14 8 21 	# -2.869863 -0.148860 -0.418891 0.006182 0.847139 -0.262389 -0.131038 0.005961 -0.419231 -0.249596 
107		136.780000	1	473	112.115518		31 50 11 17 44 87 137 54 14 30 110 155 69 200 185 293 65 28 169 61 75 190 113 197 427 163 42 72 67 113 8 147 223 83 35 204 421 202 206 1 287 145 304 17 91 207 94 473 218 204 	# 62.782012 -0.730625 -1.471198 -0.256954 1.654961 -2.236257 -0.927151 -0.348316 -3.704800 -5.052750 
108		604.060000	41	2585	627.732863		157 1888 286 89 259 642 1380 308 397 1685 96 109 295 151 406 896 58 1018 51 522 249 2585 289 1209 84 247 975 56 534 1430 372 1279 41 600 314 256 289 778 329 408 273 429 2487 1915 511 95 667 136 405 268 	# 1067.849118 -2.694125 -20.074316 -4.226377 -4.137823 -37.459386 -5.158273 -5.223457 12.359723 8.967006 
109		0.020000	0	1	0.141421		0 0 0 0 0 0 0 0 0 0 0 0 0 0 0 0 0 0 0 0 0 0 0 0 0 0 0 0 0 0 0 0 0 0 0 0 0 0 0 0 0 0 0 1 0 0 0 0 0 0 	# -12014.031721 25.350249 225.528706 47.571986 47.625955 410.982037 53.776737 58.802268 -30.093582 19.446457 
110		0.040000	0	1	0.197949		0 0 0 0 0 0 0 0 0 0 0 0 0 0 0 0 0 0 0 0 0 0 0 1 0 0 0 0 0 0 0 0 0 1 0 0 0 0 0 0 0 0 0 0 0 0 0 0 0 0 	# 928.635364 13.103375 22.020895 2.085848 -83.385414 4.676268 10.984688 1.890070 -7.203782 72.412926 
111		0.480000	0	4	1.054437		0 0 3 0 0 1 1 4 3 0 0 4 0 0 0 0 0 0 0 0 0 0 0 1 3 0 1 0 0 0 0 0 0 0 0 0 1 1 0 0 0 0 0 0 1 0 0 0 0 0 	# -31.356415 0.402735 -2.396758 -0.543355 1.342324 -0.559591 0.646576 -0.421705 0.321707 0.743956 
112		8.160000	0	44	9.287604		0 5 9 1 44 5 38 10 20 18 12 0 9 3 5 3 5 5 3 0 0 7 19 0 8 19 0 8 0 4 0 0 14 3 19 16 14 20 4 6 8 13 0 0 13 4 0 8 1 5 	# -2.869863 -0.148860 -0.418891 0.006182 0.847139 -0.262389 -0.131038 0.005961 -0.419231 -0.249596 
113		160.740000	8	761	156.519257		407 81 141 50 72 63 10 37 117 297 338 21 32 117 64 466 60 112 174 103 246 178 163 122 761 140 216 202 243 43 72 49 66 253 44 468 8 360 413 34 85 124 57 100 138 9 151 467 49 14 	# 62.867601 -0.730625 -1.471198 -0.256954 1.654961 -2.214860 -0.927151 -0.348316 -3.918774 -5.266724 
114		666.760000	34	2730	610.979026		1110 1484 104 49 425 264 801 56 745 1911 792 595 790 1479 2211 511 92 273 373 1125 846 294 1819 138 1189 1390 221 44 149 458 189 541 969 2730 519 330 463 794 433 150 588 34 374 292 1172 1224 219 97 315 167 	# 1067.758166 -2.694125 -20.074316 -4.226377 -4.137823 -37.482124 -5.158273 -5.223457 12.587103 9.194386 
115		0.020000	0	1	0.141421		0 0 0 1 0 0 0 0 0 0 0 0 0 0 0 0 0 0 0 0 0 0 0 0 0 0 0 0 0 0 0 0 0 0 0 0 0 0 0 0 0 0 0 0 0 0 0 0 0 0 	# -12013.975446 25.350249 225.528706 47.571986 47.625955 410.996106 53.776737 58.802268 -30.234268 19.305771 
116		0.060000	0	2	0.313636		0 0 0 0 0 0 0 0 0 0 0 0 0 0 0 0 0 0 0 0 0 0 0 0 0 0 0 0 0 0 0 1 0 0 0 0 0 0 0 0 0 2 0 0 0 0 0 0 0 0 	# 928.469067 13.103375 22.020895 2.085848 -83.385414 4.634694 10.984688 1.890070 -6.788040 72.828669 
117		0.640000	0	5	1.191124		0 0 1 0 0 0 2 0 0 0 1 0 0 0 0 0 2 0 0 5 0 0 0 0 0 0 0 0 1 2 0 0 4 0 0 0 0 0 0 1 2 1 3 0 0 1 1 4 1 0 	# -31.043783 0.402735 -2.396758 -0.543355 1.342324 -0.481433 0.646576 -0.421705 -0.459873 -0.037624 
118		6.240000	0	25	6.551398		0 0 25 0 2 8 7 0 9 0 18 6 19 0 0 0 7 5 13 3 5 7 0 0 0 11 16 1 4 6 10 13 3 3 10 6 5 6 8 11 13 5 0 0 25 6 15 0 0 1 	# -2.858211 -0.148860 -0.418891 0.006182 0.847139 -0.259476 -0.131038 0.005961 -0.448362 -0.278727 
119		153.320000	10	922	180.238441		65 38 18 237 69 51 64 421 525 257 71 14 36 49 62 143 111 120 65 586 97 155 83 37 266 83 391 80 70 108 70 64 39 315 82 21 922 543 49 61 58 92 168 134 175 10 113 25 317 36 	# 62.782012 -0.730625 -1.471198 -0.256954 1.654961 -2.236257 -0.927151 -0.348316 -3.704800 -5.052750 
120		800.780000	7	4456	785.567630		7 194 102 261 1222 1121 586 808 283 83 176 659 320 1609 1434 1300 690 227 987 1359 459 1010 316 619 502 1072 231 874 878 2345 1521 1201 1074 18 131 2308 689 677 205 15 450 161 545 610 552 1647 43 333 4456 1669 	# 1067.849118 -2.694125 -20.074316 -4.226377 -4.137823 -37.459386 -5.158273 -5.223457 12.359723 8.967006 
121		0.060000	0	1	0.239898		0 0 0 0 0 0 0 0 0 0 0 0 0 0 1 0 0 0 0 0 0 0 0 0 0 0 0 0 1 0 0 0 0 0 0 0 0 0 0 0 0 0 0 0 1 0 0 0 0 0 	# -12014.059678 25.350249 225.528706 47.571986 47.625955 410.975048 53.776737 58.802268 -30.023689 19.516350 
122		0.000000	0	0	0.000000		0 0 0 0 0 0 0 0 0 0 0 0 0 0 0 0 0 0 0 0 0 0 0 0 0 0 0 0 0 0 0 0 0 0 0 0 0 0 0 0 0 0 0 0 0 0 0 0 0 0 	# 927.607137 13.103375 22.020895 2.085848 -83.385414 4.419212 10.984688 1.890070 -4.633215 74.983493 
123		0.500000	0	3	0.863075		0 0 0 1 1 0 0 0 3 0 1 0 0 0 0 3 0 0 0 0 0 2 0 2 0 0 0 2 2 0 0 0 2 0 1 0 0 1 0 0 1 0 0 0 0 0 0 1 2 0 	# -30.296560 0.402735 -2.396758 -0.543355 1.342324 -0.294627 0.646576 -0.421705 -2.327930 -1.905681 
124		8.900000	0	49	9.662150		0 27 1 1 3 19 19 4 19 9 5 2 15 2 28 16 3 21 5 6 0 4 0 0 0 6 15 11 10 49 0 11 5 18 9 3 20 11 7 2 7 4 0 5 11 0 4 1 23 4 	# -2.869863 -0.148860 -0.418891 0.006182 0.847139 -0.262389 -0.131038 0.005961 -0.419231 -0.249596 
125		142.040000	8	596	132.384869		72 536 30 118 47 69 52 141 423 139 92 120 12 92 81 214 137 211 188 89 16 27 61 19 102 596 8 137 115 37 56 52 128 17 191 99 354 97 199 229 134 244 17 181 180 78 166 57 489 153 	# 62.782012 -0.730625 -1.471198 -0.256954 1.654961 -2.236257 -0.927151 -0.348316 -3.704800 -5.052750 
126		748.920000	28	3541	756.823540		174 355 3541 2043 477 882 336 220 347 314 743 46 144 1845 1237 2110 633 601 823 183 1602 691 172 258 1662 1593 188 64 28 215 1952 121 1610 763 266 613 490 784 404 122 886 92 270 402 518 277 203 1655 206 2285 	# 1067.849118 -2.694125 -20.074316 -4.226377 -4.137823 -37.459386 -5.158273 -5.223457 12.359723 8.967006 
127		0.020000	0	1	0.141421		0 0 0 0 0 0 0 0 0 0 0 0 0 0 0 0 0 0 0 0 0 0 0 0 0 0 0 1 0 0 0 0 0 0 0 0 0 0 0 0 0 0 0 0 0 0 0 0 0 0 	# -12014.031721 25.350249 225.528706 47.571986 47.625955 410.982037 53.776737 58.802268 -30.093582 19.446457 
128		0.060000	0	1	0.239898		0 0 0 0 1 0 0 0 0 0 0 1 0 0 0 0 0 0 0 0 0 0 0 0 0 0 0 0 0 0 0 1 0 0 0 0 0 0 0 0 0 0 0 0 0 0 0 0 0 0 	# 928.635364 13.103375 22.020895 2.085848 -83.385414 4.676268 10.984688 1.890070 -7.203782 72.412926 
129		0.680000	0	4	1.019003		2 0 0 0 0 0 0 1 0 1 0 1 0 2 1 1 1 0 0 1 0 0 0 1 0 0 0 0 0 0 0 1 0 3 0 1 1 4 1 3 3 0 0 0 3 0 0 1 1 0 	# -31.356415 0.402735 -2.396758 -0.543355 1.342324 -0.559591 0.646576 -0.421705 0.321707 0.743956 
130		6.100000	0	22	6.165242		11 2 3 4 0 2 2 2 2 3 3 4 21 3 22 0 6 6 9 7 9 18 4 3 5 5 20 15 16 2 4 1 11 0 4 4 0 4 16 9 8 0 1 16 1 2 0 2 13 0 	# -2.869863 -0.148860 -0.418891 0.006182 0.847139 -0.262389 -0.131038 0.005961 -0.419231 -0.249596 
131		159.120000	10	727	134.244164		307 247 92 88 133 259 174 100 98 228 34 28 727 81 399 187 173 225 161 189 46 215 61 72 63 270 354 82 43 86 139 43 435 75 162 108 355 94 333 128 68 96 134 101 22 26 266 104 35 10 	# 62.867601 -0.730625 -1.471198 -0.256954 1.654961 -2.214860 -0.927151 -0.348316 -3.918774 -5.266724 
132		596.920000	14	2113	556.195562		1632 129 917 1120 97 321 276 216 382 1583 165 14 78 86 2098 222 935 133 701 1043 181 593 79 207 423 637 190 284 731 764 1147 719 660 392 479 254 305 724 283 138 2113 178 1576 638 636 176 1510 26 1599 56 	# 1067.758166 -2.694125 -20.074316 -4.226377 -4.137823 -37.482124 -5.158273 -5.223457 12.587103 9.194386 
133		0.000000	0	0	0.000000		0 0 0 0 0 0 0 0 0 0 0 0 0 0 0 0 0 0 0 0 0 0 0 0 0 0 0 0 0 0 0 0 0 0 0 0 0 0 0 0 0 0 0 0 0 0 0 0 0 0 	# -12013.975446 25.350249 225.528706 47.571986 47.625955 410.996106 53.776737 58.802268 -30.234268 19.305771 
134		0.020000	0	1	0.141421		0 0 0 0 0 0 0 0 0 0 0 0 0 0 0 0 0 0 0 0 0 0 0 0 0 0 0 0 0 0 0 0 0 0 0 0 0 1 0 0 0 0 0 0 0 0 0 0 0 0 	# 928.469067 13.103375 22.020895 2.085848 -83.385414 4.634694 10.984688 1.890070 -6.788040 72.828669 
135		0.620000	0	4	1.007928		0 0 1 2 0 0 1 1 0 0 0 0 0 0 1 0 0 0 2 0 3 0 0 1 0 0 1 2 1 0 1 4 0 0 0 1 0 0 3 0 3 0 0 0 0 1 0 2 0 0 	# -31.043783 0.402735 -2.396758 -0.543355 1.342324 -0.481433 0.646576 -0.421705 -0.459873 -0.037624 
136		6.840000	0	37	7.568355		3 0 0 3 5 7 0 0 1 18 13 12 1 4 3 8 4 15 1 10 17 1 5 6 2 11 0 0 6 2 8 5 0 3 10 14 12 1 2 6 0 28 17 0 6 37 3 17 7 8 	# -2.858211 -0.148860 -0.418891 0.006182 0.847139 -0.259476 -0.131038 0.005961 -0.448362 -0.278727 
137		123.420000	3	539	125.947039		318 245 173 17 63 117 110 66 502 27 64 50 96 90 56 55 86 23 32 18 82 102 18 201 102 407 202 84 20 539 100 35 139 40 70 351 34 32 3 22 42 61 267 89 138 233 59 143 321 27 	# 62.782012 -0.730625 -1.471198 -0.256954 1.654961 -2.236257 -0.927151 -0.348316 -3.704800 -5.052750 
138		706.140000	10	2777	632.556620		170 2532 323 2438 608 488 10 239 486 16 345 140 1176 883 1036 237 1038 550 372 724 1189 96 1151 211 551 105 615 191 545 1138 324 778 779 127 324 1666 1407 252 2777 1142 1326 231 350 789 265 1150 459 254 979 325 	# 1067.849118 -2.694125 -20.074316 -4.226377 -4.137823 -37.459386 -5.158273 -5.223457 12.359723 8.967006 
139		0.020000	0	1	0.141421		0 0 0 0 0 0 0 0 0 0 0 0 0 0 0 0 0 0 0 1 0 0 0 0 0 0 0 0 0 0 0 0 0 0 0 0 0 0 0 0 0 0 0 0 0 0 0 0 0 0 	# -12014.059678 25.350249 225.528706 47.571986 47.625955 410.975048 53.776737 58.802268 -30.023689 19.516350 
140		0.020000	0	1	0.141421		0 0 0 0 0 0 0 0 0 0 0 0 0 0 0 0 0 0 0 0 0 0 0 1 0 0 0 0 0 0 0 0 0 0 0 0 0 0 0 0 0 0 0 0 0 0 0 0 0 0 	# 927.607137 13.103375 22.020895 2.085848 -83.385414 4.419212 10.984688 1.890070 -4.633215 74.983493 
141		0.840000	0	5	1.251285		0 0 1 1 1 3 3 0 0 1 0 1 2 0 0 2 0 3 0 0 5 0 1 0 0 0 0 0 0 0 0 1 1 1 0 3 0 0 0 0 0 2 4 0 3 0 0 0 2 1 	# -30.296560 0.402735 -2.396758 -0.543355 1.342324 -0.294627 0.646576 -0.421705 -2.327930 -1.905681 
142		8.480000	0	28	8.119616		17 0 6 1 5 18 6 4 15 13 10 0 22 2 0 8 6 0 27 1 9 28 0 2 0 5 9 0 0 2 3 2 9 22 20 12 10 0 19 21 8 0 18 4 13 19 0 2 15 11 	# -2.869863 -0.148860 -0.418891 0.006182 0.847139 -0.262389 -0.131038 0.005961 -0.419231 -0.249596 
143		147.220000	3	532	133.416226		10 133 62 43 120 93 206 12 27 27 94 437 216 214 41 126 459 211 54 60 33 130 156 369 96 147 282 84 532 100 164 68 10 221 123 399 88 176 56 23 20 33 227 32 320 3 103 311 378 32 	# 62.782012 -0.730625 -1.471198 -0.256954 1.654961 -2.236257 -0.927151 -0.348316 -3.704800 -5.052750 
144		622.000000	28	2805	574.490866		398 70 766 257 1133 372 925 649 28 2092 603 84 1901 215 1616 64 362 718 993 37 1026 1339 987 91 194 397 113 2805 610 760 386 158 736 686 705 471 562 837 1349 294 35 126 396 39 221 835 389 406 272 592 	# 1067.849118 -2.694125 -20.074316 -4.226377 -4.137823 -37.459386 -5.158273 -5.223457 12.359723 8.967006 
145		0.000000	0	0	0.000000		0 0 0 0 0 0 0 0 0 0 0 0 0 0 0 0 0 0 0 0 0 0 0 0 0 0 0 0 0 0 0 0 0 0 0 0 0 0 0 0 0 0 0 0 0 0 0 0 0 0 	# -12014.031721 25.350249 225.528706 47.571986 47.625955 410.982037 53.776737 58.802268 -30.093582 19.446457 
146		0.040000	0	1	0.197949		0 0 0 0 0 0 0 0 0 0 1 0 0 0 0 0 0 0 0 1 0 0 0 0 0 0 0 0 0 0 0 0 0 0 0 0 0 0 0 0 0 0 0 0 0 0 0 0 0 0 	# 928.635364 13.103375 22.020895 2.085848 -83.385414 4.676268 10.984688 1.890070 -7.203782 72.412926 
147		0.600000	0	8	1.324803		3 1 0 1 1 0 0 1 0 0 1 0 0 1 2 1 0 2 0 0 0 0 0 0 0 0 1 0 0 0 0 0 0 0 8 0 0 0 0 0 0 1 0 0 1 2 0 3 0 0 	# -31.356415 0.402735 -2.396758 -0.543355 1.342324 -0.559591 0.646576 -0.421705 0.321707 0.743956 
148		9.040000	0	48	9.930288		14 7 0 18 19 6 25 25 8 14 4 2 2 8 13 15 2 0 0 4 9 8 21 8 5 7 2 0 10 14 48 5 21 5 4 20 0 7 38 5 5 3 0 0 6 1 0 0 10 4 	# -2.869863 -0.148860 -0.418891 0.006182 0.847139 -0.262389 -0.131038 0.005961 -0.419231 -0.249596 
149		188.640000	5	591	146.119571		228 243 303 137 341 31 5 591 302 338 75 192 106 60 65 32 398 89 148 204 271 111 220 46 161 149 69 585 13 68 281 84 163 216 71 482 115 67 207 450 243 408 21 294 150 271 159 40 69 60 	# 62.867601 -0.730625 -1.471198 -0.256954 1.654961 -2.214860 -0.927151 -0.348316 -3.918774 -5.266724 
150		629.680000	32	3244	635.998442		241 3244 139 112 102 284 296 1158 32 1198 806 358 237 1346 749 151 302 388 111 579 315 549 566 782 1744 475 545 2043 2218 285 1473 847 499 239 296 253 316 615 76 652 1604 451 215 68 457 370 507 274 402 515 	# 1067.758166 -2.694125 -20.074316 -4.226377 -4.137823 -37.482124 -5.158273 -5.223457 12.587103 9.194386 
151		0.100000	0	2	0.416497		0 0 0 0 0 0 0 2 0 0 0 0 0 0 0 0 0 0 0 0 0 0 0 0 0 0 0 0 0 0 0 0 0 0 0 0 0 0 0 0 0 0 0 2 0 0 0 0 0 1 	# -12013.975446 25.350249 225.528706 47.571986 47.625955 410.996106 53.776737 58.802268 -30.234268 19.305771 
152		0.080000	0	1	0.274048		0 0 0 1 0 0 0 0 0 0 0 1 0 0 0 0 0 0 0 0 0 0 0 1 0 0 0 0 0 0 0 0 0 0 1 0 0 0 0 0 0 0 0 0 0 0 0 0 0 0 	# 928.469067 13.103375 22.020895 2.085848 -83.385414 4.634694 10.984688 1.890070 -6.788040 72.828669 
153		0.720000	0	5	1.125584		0 0 0 1 1 2 2 0 0 0 0 3 1 0 0 0 5 1 0 4 0 0 1 0 0 0 2 0 0 2 0 0 0 1 0 0 1 1 1 0 3 0 0 0 1 1 1 0 0 1 	# -31.043783 0.402735 -2.396758 -0.543355 1.342324 -0.481433 0.646576 -0.421705 -0.459873 -0.037624 
154		7.300000	0	32	8.149746		10 2 13 4 7 30 0 2 1 7 1 10 7 0 32 11 0 27 2 8 0 11 3 1 15 7 4 0 3 7 25 1 5 3 6 10 8 3 0 0 15 0 7 16 24 5 2 0 6 4 	# -2.858211 -0.148860 -0.418891 0.006182 0.847139 -0.259476 -0.131038 0.005961 -0.448362 -0.278727 
155		162.760000	1	563	126.445206		307 53 330 94 13 126 23 74 363 64 101 76 40 463 116 47 282 1 55 91 157 253 340 108 151 251 271 127 45 250 228 68 177 365 73 179 89 219 563 68 72 43 36 291 229 77 153 274 29 233 	# 62.782012 -0.730625 -1.471198 -0.256954 1.654961 -2.236257 -0.927151 -0.348316 -3.704800 -5.052750 
156		650.900000	10	1763	484.028977		1391 1305 1102 697 798 914 22 961 188 1233 161 107 312 401 1324 246 177 229 224 1763 10 999 1656 42 473 725 797 289 379 972 363 536 51 487 531 528 892 304 670 524 1745 1555 966 304 82 597 352 699 307 1155 	# 1067.849118 -2.694125 -20.074316 -4.226377 -4.137823 -37.459386 -5.158273 -5.223457 12.359723 8.967006 
157		0.000000	0	0	0.000000		0 0 0 0 0 0 0 0 0 0 0 0 0 0 0 0 0 0 0 0 0 0 0 0 0 0 0 0 0 0 0 0 0 0 0 0 0 0 0 0 0 0 0 0 0 0 0 0 0 0 	# -12014.059678 25.350249 225.528706 47.571986 47.625955 410.975048 53.776737 58.802268 -30.023689 19.516350 
158		0.100000	0	2	0.364216		0 0 0 0 0 0 0 1 0 0 0 0 0 1 0 0 0 0 0 0 0 0 0 0 0 0 0 0 0 0 0 0 0 0 0 0 0 0 0 2 0 0 1 0 0 0 0 0 0 0 	# 927.607137 13.103375 22.020895 2.085848 -83.385414 4.419212 10.984688 1.890070 -4.633215 74.983493 
159		0.540000	0	8	1.281103		0 0 0 0 1 1 0 0 0 0 0 0 0 1 0 1 0 0 2 0 1 0 2 0 0 0 0 0 1 2 0 1 1 0 0 3 0 0 0 0 0 0 0 8 1 1 0 0 0 0 	# -30.296560 0.402735 -2.396758 -0.543355 1.342324 -0.294627 0.646576 -0.421705 -2.327930 -1.905681 
160		7.800000	0	38	9.233921		4 14 38 7 0 4 6 1 9 13 4 7 26 4 9 11 8 0 1 8 0 20 15 29 13 8 6 23 0 0 8 0 1 6 0 0 4 0 1 10 10 30 0 25 0 2 0 3 2 0 	# -2.869863 -0.148860 -0.418891 0.006182 0.847139 -0.262389 -0.131038 0.005961 -0.419231 -0.249596 
161		159.540000	2	855	141.805732		96 133 306 205 188 95 14 130 166 220 165 147 24 118 142 69 277 11 255 117 156 125 182 309 289 31 304 156 2 19 249 282 117 68 322 14 19 132 5 269 26 143 58 14 56 167 367 855 144 219 	# 62.782012 -0.730625 -1.471198 -0.256954 1.654961 -2.236257 -0.927151 -0.348316 -3.704800 -5.052750 
162		684.680000	12	3376	800.439635		627 638 1071 461 35 3084 58 937 830 74 59 126 1907 1427 175 236 12 1172 1817 89 883 98 179 488 473 1170 25 367 304 58 204 1074 111 121 448 489 1523 112 419 105 359 1091 224 67 381 3376 547 1521 274 2908 	# 1067.849118 -2.694125 -20.074316 -4.226377 -4.137823 -37.459386 -5.158273 -5.223457 12.359723 8.967006 
163		0.040000	0	1	0.197949		0 0 0 0 1 0 0 1 0 0 0 0 0 0 0 0 0 0 0 0 0 0 0 0 0 0 0 0 0 0 0 0 0 0 0 0 0 0 0 0 0 0 0 0 0 0 0 0 0 0 	# -12014.031721 25.350249 225.528706 47.571986 47.625955 410.982037 53.776737 58.802268 -30.093582 19.446457 
164		0.040000	0	1	0.197949		0 0 0 0 0 0 0 0 0 0 0 0 0 0 0 0 1 0 0 0 0 0 0 0 0 0 0 0 0 0 0 0 0 0 0 0 0 0 0 0 0 0 0 0 1 0 0 0 0 0 	# 928.635364 13.103375 22.020895 2.085848 -83.385414 4.676268 10.984688 1.890070 -7.203782 72.412926 
165		0.680000	0	4	1.077412		0 0 0 4 0 1 0 0 1 1 1 0 1 0 0 0 3 0 0 0 0 0 2 0 0 1 0 0 1 0 2 0 0 1 0 0 1 3 0 1 0 0 0 0 2 4 0 2 0 2 	# -31.356415 0.402735 -2.396758 -0.543355 1.342324 -0.559591 0.646576 -0.421705 0.321707 0.743956 
166		8.040000	0	34	7.626377		17 23 0 0 29 17 11 3 9 0 10 1 0 2 4 11 4 7 6 1 14 5 10 12 9 10 7 7 0 4 6 13 19 0 6 0 8 0 4 17 9 14 34 3 14 0 8 12 1 1 	# -2.869863 -0.148860 -0.418891 0.006182 0.847139 -0.262389 -0.131038 0.005961 -0.419231 -0.249596 
167		189.260000	6	753	163.754521		110 84 96 273 210 168 573 210 51 31 112 151 80 43 110 35 87 36 34 528 47 171 753 98 121 278 108 385 18 211 30 199 503 228 290 499 118 173 143 14 340 6 217 277 194 211 24 365 301 119 	# 62.867601 -0.730625 -1.471198 -0.256954 1.654961 -2.214860 -0.927151 -0.348316 -3.918774 -5.266724 
168		505.700000	19	1460	416.169621		132 281 356 985 19 255 617 856 1258 90 105 807 886 495 700 93 331 110 1098 1460 608 358 310 401 367 269 88 1412 1061 89 622 730 276 143 24 1065 1405 841 115 227 182 573 97 979 511 959 25 312 71 231 	# 1067.758166 -2.694125 -20.074316 -4.226377 -4.137823 -37.482124 -5.158273 -5.223457 12.587103 9.194386 
169		0.000000	0	0	0.000000		0 0 0 0 0 0 0 0 0 0 0 0 0 0 0 0 0 0 0 0 0 0 0 0 0 0 0 0 0 0 0 0 0 0 0 0 0 0 0 0 0 0 0 0 0 0 0 0 0 0 	# -12013.975446 25.350249 225.528706 47.571986 47.625955 410.996106 53.776737 58.802268 -30.234268 19.305771 
170		0.060000	0	2	0.313636		0 0 0 0 0 0 0 0 0 0 0 0 2 0 0 0 0 0 0 0 0 0 1 0 0 0 0 0 0 0 0 0 0 0 0 0 0 0 0 0 0 0 0 0 0 0 0 0 0 0 	# 928.469067 13.103375 22.020895 2.085848 -83.385414 4.634694 10.984688 1.890070 -6.788040 72.828669 
171		0.560000	0	5	1.180799		4 0 0 0 1 0 0 0 0 1 5 0 0 0 0 0 0 0 0 0 0 0 2 1 0 0 0 0 0 1 0 0 0 0 3 0 1 1 0 4 0 0 0 2 0 2 0 0 0 0 	# -31.043783 0.402735 -2.396758 -0.543355 1.342324 -0.481433 0.646576 -0.421705 -0.459873 -0.037624 
172		7.780000	0	39	8.517186		0 1 6 30 4 9 6 0 1 1 6 7 1 39 10 0 9 18 18 5 6 15 8 0 4 2 6 4 0 5 0 5 11 15 8 29 0 0 7 0 10 8 9 7 12 0 19 3 3 22 	# -2.858211 -0.148860 -0.418891 0.006182 0.847139 -0.259476 -0.131038 0.005961 -0.448362 -0.278727 
173		137.640000	6	531	114.622141		127 531 121 273 107 72 83 32 377 155 11 484 6 264 167 40 29 64 158 265 122 117 58 118 253 40 23 71 261 136 107 114 181 147 109 76 193 45 171 273 44 18 181 89 237 36 57 47 173 19 	# 62.782012 -0.730625 -1.471198 -0.256954 1.654961 -2.236257 -0.927151 -0.348316 -3.704800 -5.052750 
174		642.980000	26	2522	644.256904		168 135 383 1486 1809 560 736 1774 1464 71 79 95 248 26 275 798 459 589 1776 353 503 1507 437 131 222 177 1202 2522 237 144 157 559 1898 35 449 311 392 597 786 171 105 71 2308 537 544 372 27 715 1299 450 	# 1067.849118 -2.694125 -20.074316 -4.226377 -4.137823 -37.459386 -5.158273 -5.223457 12.359723 8.967006 
175		0.040000	0	1	0.197949		0 0 0 0 0 0 0 0 0 0 0 0 0 0 1 0 0 0 0 0 0 0 0 0 0 0 0 0 1 0 0 0 0 0 0 0 0 0 0 0 0 0 0 0 0 0 0 0 0 0 	# -12014.059678 25.350249 225.528706 47.571986 47.625955 410.975048 53.776737 58.802268 -30.023689 19.516350 
176		0.060000	0	1	0.239898		0 0 0 0 0 0 0 0 0 0 0 0 0 0 0 0 0 0 0 0 1 0 0 0 0 0 0 0 0 0 0 0 0 1 0 0 0 1 0 0 0 0 0 0 0 0 0 0 0 0 	# 927.607137 13.103375 22.020895 2.085848 -83.385414 4.419212 10.984688 1.890070 -4.633215 74.983493 
177		0.520000	0	5	1.073617		5 0 0 0 0 0 0 1 0 2 0 0 4 0 0 0 0 1 0 0 0 0 1 1 0 0 3 2 0 0 0 0 0 1 2 0 0 1 0 0 0 0 0 0 1 0 1 0 0 0 	# -30.296560 0.402735 -2.396758 -0.543355 1.342324 -0.294627 0.646576 -0.421705 -2.327930 -1.905681 
178		7.260000	0	26	6.690871		4 0 12 2 8 14 18 4 6 4 10 10 0 17 4 0 4 0 0 13 11 17 12 0 16 0 11 0 0 11 0 5 3 3 5 13 9 0 8 26 18 3 5 7 2 0 2 13 10 23 	# -2.869863 -0.148860 -0.418891 0.006182 0.847139 -0.262389 -0.131038 0.005961 -0.419231 -0.249596 
179		143.820000	15	762	134.477020		364 42 70 88 162 93 86 231 98 762 62 34 368 41 24 25 56 228 52 316 312 84 75 78 22 65 174 90 124 187 197 68 174 71 66 51 276 117 31 70 87 39 174 15 129 176 166 242 425 204 	# 62.782012 -0.730625 -1.471198 -0.256954 1.654961 -2.236257 -0.927151 -0.348316 -3.704800 -5.052750 
180		736.540000	41	3144	658.025439		67 424 278 705 271 318 181 167 139 497 214 512 1164 459 968 521 782 278 1091 424 1353 295 833 1264 314 469 1079 1429 1053 230 437 68 643 526 49 447 691 3144 2118 1087 2217 41 2311 500 1683 293 745 1207 160 681 	# 1067.849118 -2.694125 -20.074316 -4.226377 -4.137823 -37.459386 -5.158273 -5.223457 12.359723 8.967006 
181		0.000000	0	0	0.000000		0 0 0 0 0 0 0 0 0 0 0 0 0 0 0 0 0 0 0 0 0 0 0 0 0 0 0 0 0 0 0 0 0 0 0 0 0 0 0 0 0 0 0 0 0 0 0 0 0 0 	# -12014.031721 25.350249 225.528706 47.571986 47.625955 410.982037 53.776737 58.802268 -30.093582 19.446457 
182		0.020000	0	1	0.141421		0 0 0 0 0 0 0 0 0 0 0 0 0 0 0 0 0 0 0 0 0 0 0 0 0 0 0 0 1 0 0 0 0 0 0 0 0 0 0 0 0 0 0 0 0 0 0 0 0 0 	# 928.635364 13.103375 22.020895 2.085848 -83.385414 4.676268 10.984688 1.890070 -7.203782 72.412926 
183		0.540000	0	2	0.734291		1 2 1 1 0 2 1 1 0 0 1 0 0 1 0 1 0 2 1 0 0 0 0 2 0 0 0 0 0 0 0 0 0 0 0 1 1 0 0 0 0 2 2 0 0 1 0 0 1 2 	# -31.356415 0.402735 -2.396758 -0.543355 1.342324 -0.559591 0.646576 -0.421705 0.321707 0.743956 
184		7.860000	0	53	9.959121		9 23 7 10 0 1 0 7 4 0 0 0 14 11 7 4 6 0 0 0 4 5 5 13 7 1 17 3 7 37 17 10 0 53 7 3 7 10 0 0 20 4 17 5 0 17 16 0 5 0 	# -2.869863 -0.148860 -0.418891 0.006182 0.847139 -0.262389 -0.131038 0.005961 -0.419231 -0.249596 
185		189.120000	1	945	187.898110		318 277 18 259 203 153 59 176 118 184 75 282 2 364 181 9 250 154 202 540 834 150 92 61 192 61 347 93 181 24 161 79 85 152 64 945 62 90 238 94 146 253 91 1 186 103 294 510 38 5 	# 62.867601 -0.730625 -1.471198 -0.256954 1.654961 -2.214860 -0.927151 -0.348316 -3.918774 -5.266724 
186		700.360000	17	2284	548.931718		445 554 923 588 368 107 824 222 155 1054 558 1423 747 1216 1211 139 300 909 586 841 41 150 1185 361 2284 792 582 373 769 274 209 1039 414 725 534 384 17 1864 484 176 1044 1401 2206 814 418 814 50 306 229 1909 	# 1067.758166 -2.694125 -20.074316 -4.226377 -4.137823 -37.482124 -5.158273 -5.223457 12.587103 9.194386 
187		0.040000	0	2	0.282843		0 0 0 0 0 0 0 0 0 0 0 0 0 0 0 0 0 0 0 0 0 0 0 0 0 0 0 0 0 0 0 0 0 2 0 0 0 0 0 0 0 0 0 0 0 0 0 0 0 0 	# -12013.975446 25.350249 225.528706 47.571986 47.625955 410.996106 53.776737 58.802268 -30.234268 19.305771 
188		0.040000	0	1	0.197949		0 0 0 0 0 0 0 0 0 0 0 0 0 0 0 0 0 1 0 0 0 0 0 0 0 0 0 0 0 0 0 0 1 0 0 0 0 0 0 0 0 0 0 0 0 0 0 0 0 0 	# 928.469067 13.103375 22.020895 2.085848 -83.385414 4.634694 10.984688 1.890070 -6.788040 72.828669 
189		0.700000	0	5	1.265718		0 0 0 0 0 1 2 0 3 4 0 0 5 4 0 0 0 0 0 0 1 1 3 0 0 0 0 0 0 0 0 0 1 0 1 0 0 0 2 1 0 0 0 0 0 1 2 0 3 0 	# -31.043783 0.402735 -2.396758 -0.543355 1.342324 -0.481433 0.646576 -0.421705 -0.459873 -0.037624 
190		6.020000	0	22	5.629695		22 13 3 4 0 12 0 3 0 13 12 13 1 17 12 8 0 4 10 11 3 5 0 12 1 16 4 4 0 15 0 7 3 0 2 6 1 11 0 3 10 7 2 3 5 0 10 3 10 0 	# -2.858211 -0.148860 -0.418891 0.006182 0.847139 -0.259476 -0.131038 0.005961 -0.448362 -0.278727 
191		150.580000	1	728	148.744829		66 114 10 15 54 290 30 18 105 117 56 396 90 86 253 164 112 18 11 48 36 283 114 445 31 393 173 18 17 187 101 304 214 201 101 166 117 107 15 488 1 243 90 107 64 66 728 101 195 370 	# 62.782012 -0.730625 -1.471198 -0.256954 1.654961 -2.236257 -0.927151 -0.348316 -3.704800 -5.052750 
192		651.120000	16	2875	655.831724		425 104 597 1300 413 110 1011 243 780 653 1057 511 163 393 1040 426 82 1121 475 540 784 497 121 2289 749 91 97 993 42 758 1114 611 16 1912 166 122 228 387 2875 94 552 279 1028 421 294 53 889 104 2844 702 	# 1067.849118 -2.694125 -20.074316 -4.226377 -4.137823 -37.459386 -5.158273 -5.223457 12.359723 8.967006 
193		0.060000	0	2	0.313636		0 0 0 0 0 0 0 0 0 0 0 0 2 0 0 1 0 0 0 0 0 0 0 0 0 0 0 0 0 0 0 0 0 0 0 0 0 0 0 0 0 0 0 0 0 0 0 0 0 0 	# -12014.059678 25.350249 225.528706 47.571986 47.625955 410.975048 53.776737 58.802268 -30.023689 19.516350 
194		0.020000	0	1	0.141421		0 0 0 0 1 0 0 0 0 0 0 0 0 0 0 0 0 0 0 0 0 0 0 0 0 0 0 0 0 0 0 0 0 0 0 0 0 0 0 0 0 0 0 0 0 0 0 0 0 0 	# 927.607137 13.103375 22.020895 2.085848 -83.385414 4.419212 10.984688 1.890070 -4.633215 74.983493 
195		0.780000	0	4	1.148024		0 2 0 0 1 2 1 0 0 0 0 0 0 0 0 0 1 0 2 0 0 0 3 0 0 1 0 0 4 0 0 0 0 3 2 3 3 0 1 1 3 1 0 1 0 1 0 0 3 0 	# -30.296560 0.402735 -2.396758 -0.543355 1.342324 -0.294627 0.646576 -0.421705 -2.327930 -1.905681 
196		7.020000	0	39	8.232564		3 4 0 5 0 0 7 6 4 21 2 17 6 0 2 0 0 4 17 5 39 0 5 0 7 0 0 1 0 8 4 4 5 7 17 14 27 3 3 2 15 20 5 11 11 1 1 20 3 15 	# -2.869863 -0.148860 -0.418891 0.006182 0.847139 -0.262389 -0.131038 0.005961 -0.419231 -0.249596 
197		144.080000	10	504	122.751755		410 244 78 71 108 22 92 144 58 81 499 166 175 134 233 29 219 283 29 43 78 226 272 152 305 57 85 24 10 366 10 78 119 26 261 100 14 197 103 44 134 39 294 184 47 128 42 504 77 110 	# 62.782012 -0.730625 -1.471198 -0.256954 1.654961 -2.236257 -0.927151 -0.348316 -3.704800 -5.052750 
198		698.220000	25	2661	617.905887		608 765 258 1523 497 1213 485 79 55 807 716 643 831 1163 1134 2187 402 272 1185 1682 354 96 892 354 586 2661 187 118 492 594 352 154 252 196 1489 478 2432 609 901 318 314 167 675 100 780 25 1682 463 92 593 	# 1067.849118 -2.694125 -20.074316 -4.226377 -4.137823 -37.459386 -5.158273 -5.223457 12.359723 8.967006 
199		0.020000	0	1	0.141421		0 0 0 1 0 0 0 0 0 0 0 0 0 0 0 0 0 0 0 0 0 0 0 0 0 0 0 0 0 0 0 0 0 0 0 0 0 0 0 0 0 0 0 0 0 0 0 0 0 0 	# -12014.031721 25.350249 225.528706 47.571986 47.625955 410.982037 53.776737 58.802268 -30.093582 19.446457 
200		0.100000	0	2	0.364216		0 0 0 0 0 0 0 0 0 0 0 0 0 0 0 0 0 0 0 0 0 2 0 0 0 1 0 0 0 0 0 0 1 0 0 0 0 0 0 0 0 0 0 1 0 0 0 0 0 0 	# 928.635364 13.103375 22.020895 2.085848 -83.385414 4.676268 10.984688 1.890070 -7.203782 72.412926 
201		0.560000	0	4	0.860944		2 1 0 0 2 0 0 1 0 0 4 0 0 0 1 2 1 1 0 1 0 0 0 0 0 2 0 0 0 0 1 1 0 1 1 0 2 0 0 0 1 0 2 0 1 0 0 0 0 0 	# -31.356415 0.402735 -2.396758 -0.543355 1.342324 -0.559591 0.646576 -0.421705 0.321707 0.743956 
202		6.340000	0	23	5.943990		6 5 0 16 0 7 0 1 3 0 23 12 11 10 9 13 9 8 0 2 4 0 5 16 1 5 6 14 1 8 4 4 4 12 7 6 0 5 6 0 0 1 8 0 12 18 22 0 9 4 	# -2.869863 -0.148860 -0.418891 0.006182 0.847139 -0.262389 -0.131038 0.005961 -0.419231 -0.249596 
203		171.780000	3	531	143.554909		40 482 164 82 242 160 220 346 128 165 61 468 20 60 30 180 32 350 67 422 119 15 135 369 20 124 68 16 236 236 65 360 67 39 36 358 66 136 3 151 81 228 414 60 94 190 356 214 531 83 	# 62.867601 -0.730625 -1.471198 -0.256954 1.654961 -2.214860 -0.927151 -0.348316 -3.918774 -5.266724 
204		566.740000	23	3626	615.837469		232 668 881 121 643 483 1656 159 38 207 214 995 1274 970 305 445 572 107 1275 102 156 968 363 579 408 3626 98 472 121 117 426 541 425 300 105 878 761 98 447 358 90 1034 124 391 23 137 52 899 1612 1381 	# 1067.758166 -2.694125 -20.074316 -4.226377 -4.137823 -37.482124 -5.158273 -5.223457 12.587103 9.194386 
205		0.020000	0	1	0.141421		0 0 0 0 0 0 0 0 0 0 0 0 0 0 0 1 0 0 0 0 0 0 0 0 0 0 0 0 0 0 0 0 0 0 0 0 0 0 0 0 0 0 0 0 0 0 0 0 0 0 	# -12013.975446 25.350249 225.528706 47.571986 47.625955 410.996106 53.776737 58.802268 -30.234268 19.305771 
206		0.020000	0	1	0.141421		0 0 1 0 0 0 0 0 0 0 0 0 0 0 0 0 0 0 0 0 0 0 0 0 0 0 0 0 0 0 0 0 0 0 0 0 0 0 0 0 0 0 0 0 0 0 0 0 0 0 	# 928.469067 13.103375 22.020895 2.085848 -83.385414 4.634694 10.984688 1.890070 -6.788040 72.828669 
207		0.620000	0	3	0.966585		2 0 2 1 0 0 2 0 0 0 0 2 0 0 0 1 1 0 0 3 0 0 0 0 2 1 0 0 2 0 0 0 0 0 1 0 0 0 2 0 3 0 0 3 0 0 0 1 0 2 	# -31.043783 0.402735 -2.396758 -0.543355 1.342324 -0.481433 0.646576 -0.421705 -0.459873 -0.037624 
208		6.180000	0	27	7.015115		0 22 0 18 3 0 1 19 4 11 4 0 5 0 6 11 16 5 0 0 5 0 7 9 10 3 3 27 7 3 4 10 0 0 4 0 16 0 14 3 0 22 0 0 6 0 8 0 15 8 	# -2.858211 -0.148860 -0.418891 0.006182 0.847139 -0.259476 -0.131038 0.005961 -0.448362 -0.278727 
209		142.760000	2	735	149.399281		155 375 156 132 88 42 69 179 735 209 2 283 13 122 367 173 86 18 83 82 456 17 176 47 157 102 76 166 111 374 246 30 34 433 7 33 17 35 393 54 200 38 21 22 121 238 36 11 80 38 	# 62.782012 -0.730625 -1.471198 -0.256954 1.654961 -2.236257 -0.927151 -0.348316 -3.704800 -5.052750 
210		710.380000	23	2886	710.278040		264 501 357 220 142 2611 1797 413 1320 107 1450 262 64 116 135 1196 1667 2886 96 1487 389 126 197 738 272 379 174 113 965 785 2212 1121 1384 752 414 349 214 363 207 545 164 1078 239 178 968 2067 1333 296 23 383 	# 1067.849118 -2.694125 -20.074316 -4.226377 -4.137823 -37.459386 -5.158273 -5.223457 12.359723 8.967006 
211		0.000000	0	0	0.000000		0 0 0 0 0 0 0 0 0 0 0 0 0 0 0 0 0 0 0 0 0 0 0 0 0 0 0 0 0 0 0 0 0 0 0 0 0 0 0 0 0 0 0 0 0 0 0 0 0 0 	# -12014.059678 25.350249 225.528706 47.571986 47.625955 410.975048 53.776737 58.802268 -30.023689 19.516350 
212		0.020000	0	1	0.141421		0 0 0 0 0 0 0 0 0 0 0 0 0 0 0 0 0 0 0 0 0 0 0 0 1 0 0 0 0 0 0 0 0 0 0 0 0 0 0 0 0 0 0 0 0 0 0 0 0 0 	# 927.607137 13.103375 22.020895 2.085848 -83.385414 4.419212 10.984688 1.890070 -4.633215 74.983493 
213		0.340000	0	3	0.688388		0 0 0 0 1 0 0 0 0 0 0 2 3 0 0 0 2 1 0 2 0 0 1 1 0 0 1 0 0 0 0 1 0 0 0 0 0 0 0 0 0 0 0 0 0 0 1 0 0 1 	# -30.296560 0.402735 -2.396758 -0.543355 1.342324 -0.294627 0.646576 -0.421705 -2.327930 -1.905681 
214		9.000000	0	54	10.470561		6 4 0 0 11 0 15 7 13 4 1 3 18 24 5 21 32 7 22 11 14 4 0 6 54 7 13 8 0 23 0 27 9 0 0 7 2 0 0 1 7 6 23 0 0 7 10 7 2 9 	# -2.869863 -0.148860 -0.418891 0.006182 0.847139 -0.262389 -0.131038 0.005961 -0.419231 -0.249596 
215		131.480000	3	915	175.183081		8 127 3 104 226 186 18 494 27 729 36 20 62 135 76 38 344 167 58 36 93 122 175 22 915 68 20 122 65 60 59 56 113 87 161 77 300 42 9 28 34 197 23 3 314 21 116 58 256 64 	# 62.782012 -0.730625 -1.471198 -0.256954 1.654961 -2.236257 -0.927151 -0.348316 -3.704800 -5.052750 
216		625.460000	33	2708	554.654855		625 419 937 633 107 79 503 414 190 183 1134 605 561 898 219 428 829 795 356 101 33 221 806 1275 159 520 375 966 50 848 2708 571 1377 334 973 446 333 475 2589 1147 410 490 1639 210 96 527 390 588 530 171 	# 1067.849118 -2.694125 -20.074316 -4.226377 -4.137823 -37.459386 -5.158273 -5.223457 12.359723 8.967006 
217		0.060000	0	2	0.313636		0 0 0 0 0 0 0 0 0 0 0 0 0 0 0 0 0 0 0 0 0 0 0 0 0 0 0 0 0 0 0 0 0 1 0 2 0 0 0 0 0 0 0 0 0 0 0 0 0 0 	# -12014.031721 25.350249 225.528706 47.571986 47.625955 410.982037 53.776737 58.802268 -30.093582 19.446457 
218		0.040000	0	1	0.197949		0 0 0 0 0 0 0 0 0 0 0 0 0 0 0 0 0 0 0 0 1 0 0 0 0 0 0 0 0 0 0 0 0 0 0 0 0 0 0 0 0 0 0 0 0 0 0 1 0 0 	# 928.635364 13.103375 22.020895 2.085848 -83.385414 4.676268 10.984688 1.890070 -7.203782 72.412926 
219		0.740000	0	5	1.337222		0 1 0 0 2 5 0 0 0 1 0 0 0 0 0 1 0 2 1 0 0 1 0 0 3 0 0 1 0 0 1 0 0 0 1 0 0 3 0 5 2 0 5 0 0 1 0 0 0 1 	# -31.356415 0.402735 -2.396758 -0.543355 1.342324 -0.559591 0.646576 -0.421705 0.321707 0.743956 
220		9.460000	0	28	7.690997		14 0 28 4 17 5 3 2 2 4 11 0 5 3 2 1 11 12 6 4 8 4 13 25 27 4 4 10 4 0 13 2 21 8 13 22 23 3 4 9 3 9 10 15 13 9 8 19 25 11 	# -2.869863 -0.148860 -0.418891 0.006182 0.847139 -0.262389 -0.131038 0.005961 -0.419231 -0.249596 
221		166.340000	8	550	130.006846		278 64 422 17 22 336 550 145 130 140 104 43 73 63 337 193 8 62 332 54 25 231 68 182 61 401 173 169 10 196 363 48 298 270 68 337 261 90 72 62 12 175 115 84 115 173 188 162 131 404 	# 62.867601 -0.730625 -1.471198 -0.256954 1.654961 -2.214860 -0.927151 -0.348316 -3.918774 -5.266724 
222		513.500000	9	2107	483.602647		332 1638 276 350 387 784 81 9 583 1702 30 160 690 841 1803 71 113 958 70 108 333 1251 616 461 106 771 780 69 587 115 623 2107 168 434 168 473 205 484 698 426 959 297 75 499 196 727 252 132 394 283 	# 1067.758166 -2.694125 -20.074316 -4.226377 -4.137823 -37.482124 -5.158273 -5.223457 12.587103 9.194386 
223		0.020000	0	1	0.141421		0 0 0 1 0 0 0 0 0 0 0 0 0 0 0 0 0 0 0 0 0 0 0 0 0 0 0 0 0 0 0 0 0 0 0 0 0 0 0 0 0 0 0 0 0 0 0 0 0 0 	# -12013.975446 25.350249 225.528706 47.571986 47.625955 410.996106 53.776737 58.802268 -30.234268 19.305771 
224		0.040000	0	1	0.197949		0 0 0 0 0 0 0 0 0 0 0 0 0 0 0 0 0 0 0 0 0 0 0 0 0 1 0 0 0 0 0 0 0 0 0 0 0 0 0 0 0 0 0 0 0 0 0 0 1 0 	# 928.469067 13.103375 22.020895 2.085848 -83.385414 4.634694 10.984688 1.890070 -6.788040 72.828669 
225		0.520000	0	5	1.014990		0 5 0 0 0 0 1 2 1 0 0 3 0 0 0 0 0 0 0 1 1 3 0 2 0 0 1 0 0 1 0 0 0 0 1 2 0 0 0 0 0 0 0 0 0 1 0 1 0 0 	# -31.043783 0.402735 -2.396758 -0.543355 1.342324 -0.481433 0.646576 -0.421705 -0.459873 -0.037624 
226		8.800000	0	63	10.417803		11 6 5 13 0 11 15 4 6 11 2 11 7 0 7 1 27 6 21 7 22 9 9 11 2 5 8 23 0 17 0 6 11 4 0 8 0 13 6 7 0 63 7 0 0 23 0 5 0 10 	# -2.858211 -0.148860 -0.418891 0.006182 0.847139 -0.259476 -0.131038 0.005961 -0.448362 -0.278727 
227		172.800000	5	685	140.410186		102 70 130 67 45 123 144 92 417 401 202 84 81 146 106 20 273 361 375 351 117 115 121 145 5 50 132 81 151 17 183 521 94 255 118 49 685 152 301 105 226 56 59 407 214 70 237 178 124 82 	# 62.782012 -0.730625 -1.471198 -0.256954 1.654961 -2.236257 -0.927151 -0.348316 -3.704800 -5.052750 
228		703.720000	60	2102	527.888866		939 127 1516 358 478 1169 69 129 294 1038 539 434 909 261 116 1175 128 828 217 347 2102 60 325 326 689 923 467 68 240 346 740 1413 1666 1566 355 1136 312 553 1177 1261 510 367 1422 1632 1618 732 271 832 850 156 	# 1067.849118 -2.694125 -20.074316 -4.226377 -4.137823 -37.459386 -5.158273 -5.223457 12.359723 8.967006 
229		0.020000	0	1	0.141421		0 0 0 0 0 0 0 0 0 0 0 0 1 0 0 0 0 0 0 0 0 0 0 0 0 0 0 0 0 0 0 0 0 0 0 0 0 0 0 0 0 0 0 0 0 0 0 0 0 0 	# -12014.059678 25.350249 225.528706 47.571986 47.625955 410.975048 53.776737 58.802268 -30.023689 19.516350 
230		0.020000	0	1	0.141421		0 0 0 0 0 0 0 0 1 0 0 0 0 0 0 0 0 0 0 0 0 0 0 0 0 0 0 0 0 0 0 0 0 0 0 0 0 0 0 0 0 0 0 0 0 0 0 0 0 0 	# 927.607137 13.103375 22.020895 2.085848 -83.385414 4.419212 10.984688 1.890070 -4.633215 74.983493 
231		0.580000	0	4	1.070762		0 0 0 1 2 4 0 0 0 0 0 0 2 0 3 0 0 0 0 0 0 0 3 0 0 0 1 0 2 0 1 0 0 0 0 0 0 0 0 1 1 0 0 0 3 2 0 0 0 3 	# -30.296560 0.402735 -2.396758 -0.543355 1.342324 -0.294627 0.646576 -0.421705 -2.327930 -1.905681 
232		8.980000	0	40	10.543380		4 0 2 4 9 4 33 3 4 33 7 3 18 0 2 4 6 11 0 19 0 0 7 0 25 0 23 3 4 12 25 0 0 0 0 0 22 0 20 23 15 1 5 23 19 4 4 6 40 2 	# -2.869863 -0.148860 -0.418891 0.006182 0.847139 -0.262389 -0.131038 0.005961 -0.419231 -0.249596 
233		133.320000	2	752	138.470131		198 38 37 34 110 137 112 184 25 345 9 47 38 38 72 51 176 167 230 752 45 33 13 90 88 460 354 151 147 119 227 127 62 49 183 31 66 453 65 2 37 146 54 162 65 176 210 12 94 145 	# 62.782012 -0.730625 -1.471198 -0.256954 1.654961 -2.236257 -0.927151 -0.348316 -3.704800 -5.052750 
234		589.860000	31	3085	646.021008		490 285 2101 105 61 652 69 643 299 1865 124 75 167 774 1144 494 759 331 223 92 1036 874 423 55 220 1597 31 383 445 429 218 304 512 2445 235 489 256 326 54 172 833 369 1285 815 131 468 104 301 3085 845 	# 1067.849118 -2.694125 -20.074316 -4.226377 -4.137823 -37.459386 -5.158273 -5.223457 12.359723 8.967006 
235		0.020000	0	1	0.141421		0 1 0 0 0 0 0 0 0 0 0 0 0 0 0 0 0 0 0 0 0 0 0 0 0 0 0 0 0 0 0 0 0 0 0 0 0 0 0 0 0 0 0 0 0 0 0 0 0 0 	# -12014.031721 25.350249 225.528706 47.571986 47.625955 410.982037 53.776737 58.802268 -30.093582 19.446457 
236		0.060000	0	1	0.239898		0 1 0 0 0 0 0 0 0 0 0 0 0 0 0 0 0 0 0 0 0 0 0 0 0 0 0 1 0 0 0 0 0 0 0 0 0 0 0 0 0 0 0 0 0 0 0 0 0 1 	# 928.635364 13.103375 22.020895 2.085848 -83.385414 4.676268 10.984688 1.890070 -7.203782 72.412926 
237		0.860000	0	4	1.229070		0 0 4 1 0 2 0 0 0 0 1 0 0 0 0 2 0 3 0 2 1 3 4 0 0 1 0 3 0 4 1 3 0 0 0 0 0 1 0 0 2 1 0 1 0 1 0 1 0 1 	# -31.356415 0.402735 -2.396758 -0.543355 1.342324 -0.559591 0.646576 -0.421705 0.321707 0.743956 
238		7.220000	0	36	8.790742		3 0 0 6 11 0 7 0 11 36 11 9 7 0 0 11 10 14 14 5 21 12 0 14 1 0 1 3 34 12 14 0 4 33 3 0 8 0 6 1 1 2 4 17 5 0 4 3 3 0 	# -2.869863 -0.148860 -0.418891 0.006182 0.847139 -0.262389 -0.131038 0.005961 -0.419231 -0.249596 
239		163.760000	5	633	151.840889		15 135 186 65 633 241 433 73 124 412 111 372 299 417 110 45 106 72 31 202 85 44 344 121 231 19 54 61 83 46 53 66 12 175 7 627 183 105 237 316 293 26 146 125 249 205 6 130 52 5 	# 62.867601 -0.730625 -1.471198 -0.256954 1.654961 -2.214860 -0.927151 -0.348316 -3.918774 -5.266724 
240		617.860000	7	2554	633.971061		85 372 123 1347 858 472 351 608 14 568 1079 2095 1866 95 919 310 2554 2061 124 712 1756 29 923 73 154 1190 287 1105 7 103 46 142 1607 407 21 429 126 142 318 15 549 999 227 1132 617 36 275 717 460 388 	# 1067.758166 -2.694125 -20.074316 -4.226377 -4.137823 -37.482124 -5.158273 -5.223457 12.587103 9.194386 
241		0.000000	0	0	0.000000		0 0 0 0 0 0 0 0 0 0 0 0 0 0 0 0 0 0 0 0 0 0 0 0 0 0 0 0 0 0 0 0 0 0 0 0 0 0 0 0 0 0 0 0 0 0 0 0 0 0 	# -12013.975446 25.350249 225.528706 47.571986 47.625955 410.996106 53.776737 58.802268 -30.234268 19.305771 
242		0.100000	0	1	0.303046		0 0 0 0 0 0 0 0 1 0 0 0 0 0 0 0 0 0 0 0 0 0 0 0 0 0 0 0 0 0 1 1 0 0 0 0 0 0 0 0 0 0 0 0 0 0 0 0 1 1 	# 928.469067 13.103375 22.020895 2.085848 -83.385414 4.634694 10.984688 1.890070 -6.788040 72.828669 
243		0.560000	0	5	0.993037		2 0 0 0 0 0 0 0 2 0 1 1 0 0 2 1 0 1 0 0 5 0 0 0 1 0 0 0 2 0 3 0 0 0 0 0 0 0 0 1 1 1 1 2 0 0 1 0 0 0 	# -31.043783 0.402735 -2.396758 -0.543355 1.342324 -0.481433 0.646576 -0.421705 -0.459873 -0.037624 
244		7.500000	0	45	9.760917		13 0 0 7 2 0 0 22 9 4 2 7 23 4 0 8 45 4 6 4 6 3 6 7 8 1 8 18 2 4 0 0 0 2 13 3 5 0 13 5 24 5 0 3 5 13 13 1 3 44 	# -2.858211 -0.148860 -0.418891 0.006182 0.847139 -0.259476 -0.131038 0.005961 -0.448362 -0.278727 
245		173.960000	6	539	137.593450		35 172 46 14 474 270 274 355 161 260 143 508 175 153 67 6 37 65 153 433 71 246 151 71 288 24 88 159 121 153 37 74 85 167 539 360 146 256 306 266 153 312 61 47 18 173 70 72 365 18 	# 62.782012 -0.730625 -1.471198 -0.256954 1.654961 -2.236257 -0.927151 -0.348316 -3.704800 -5.052750 
246		687.820000	59	4203	740.391311		212 1456 115 90 1014 556 468 3143 327 150 676 106 410 830 281 143 632 1514 196 59 443 193 4203 1373 704 420 124 129 875 836 549 518 703 654 753 193 210 697 1545 511 390 669 648 229 1371 800 933 162 274 904 	# 1067.849118 -2.694125 -20.074316 -4.226377 -4.137823 -37.459386 -5.158273 -5.223457 12.359723 8.967006 
247		0.040000	0	1	0.197949		0 0 0 0 0 0 0 0 0 0 0 0 0 1 0 0 0 0 0 0 0 0 0 0 0 0 0 0 1 0 0 0 0 0 0 0 0 0 0 0 0 0 0 0 0 0 0 0 0 0 	# -12014.059678 25.350249 225.528706 47.571986 47.625955 410.975048 53.776737 58.802268 -30.023689 19.516350 
248		0.040000	0	1	0.197949		0 0 1 0 0 0 0 0 0 0 0 0 0 0 0 0 0 0 0 0 0 0 0 0 0 0 0 0 0 1 0 0 0 0 0 0 0 0 0 0 0 0 0 0 0 0 0 0 0 0 	# 927.607137 13.103375 22.020895 2.085848 -83.385414 4.419212 10.984688 1.890070 -4.633215 74.983493 
249		0.740000	0	6	1.208980		2 0 1 0 0 0 4 0 0 0 0 1 0 0 0 0 0 0 2 0 0 0 3 1 3 0 0 1 1 1 0 1 1 2 0 1 0 1 1 0 1 0 2 0 1 0 0 0 0 6 	# -30.296560 0.402735 -2.396758 -0.543355 1.342324 -0.294627 0.646576 -0.421705 -2.327930 -1.905681 
250		8.220000	0	34	8.355104		8 21 8 0 2 11 0 6 11 17 9 0 3 8 20 5 0 0 0 13 5 12 14 9 11 27 0 25 16 0 3 0 7 19 0 5 0 7 26 6 6 8 0 0 0 4 14 6 5 34 	# -2.869863 -0.148860 -0.418891 0.006182 0.847139 -0.262389 -0.131038 0.005961 -0.419231 -0.249596 
251		162.460000	21	477	125.510421		164 80 101 222 416 55 54 300 22 357 113 104 189 21 320 112 217 146 37 119 72 477 105 97 326 316 137 279 146 474 90 102 240 67 26 139 52 37 121 267 352 399 59 50 78 84 44 166 40 132 	# 62.782012 -0.730625 -1.471198 -0.256954 1.654961 -2.236257 -0.927151 -0.348316 -3.704800 -5.052750 
252		550.440000	28	1973	461.925878		1210 94 948 869 425 1763 968 438 361 1015 260 398 710 360 702 871 119 650 259 262 391 673 259 470 70 792 438 79 364 423 166 581 105 138 1319 674 452 398 1672 103 1973 28 131 193 419 61 366 1252 766 84 	# 1067.849118 -2.694125 -20.074316 -4.226377 -4.137823 -37.459386 -5.158273 -5.223457 12.359723 8.967006 
253		0.020000	0	1	0.141421		0 0 0 0 0 0 0 0 0 0 0 0 0 0 0 0 0 0 0 0 0 0 0 0 0 0 0 0 0 0 0 0 0 0 0 0 0 0 0 0 0 0 1 0 0 0 0 0 0 0 	# -12014.031721 25.350249 225.528706 47.571986 47.625955 410.982037 53.776737 58.802268 -30.093582 19.446457 
254		0.040000	0	1	0.197949		0 0 0 0 0 1 0 0 0 0 0 0 0 0 0 0 0 0 0 0 1 0 0 0 0 0 0 0 0 0 0 0 0 0 0 0 0 0 0 0 0 0 0 0 0 0 0 0 0 0 	# 928.635364 13.103375 22.020895 2.085848 -83.385414 4.676268 10.984688 1.890070 -7.203782 72.412926 
255		0.680000	0	4	1.077412		0 1 0 0 2 1 0 0 1 1 0 0 1 0 2 0 0 1 2 0 0 0 0 0 0 2 1 0 0 0 3 0 0 0 0 0 1 0 1 0 0 3 2 4 4 1 0 0 0 0 	# -31.356415 0.402735 -2.396758 -0.543355 1.342324 -0.559591 0.646576 -0.421705 0.321707 0.743956 
256		8.760000	0	35	9.679686		10 3 1 0 6 18 11 4 1 0 0 0 9 11 18 0 0 0 17 1 23 3 0 3 10 28 0 3 5 1 22 22 9 18 32 11 5 11 8 0 2 0 1 35 7 31 5 0 16 17 	# -2.869863 -0.148860 -0.418891 0.006182 0.847139 -0.262389 -0.131038 0.005961 -0.419231 -0.249596 
257		175.320000	7	1215	198.571474		173 129 55 86 67 597 64 359 249 215 96 71 25 241 11 153 113 158 44 484 257 17 37 255 58 91 320 397 276 246 57 290 205 59 200 64 191 238 28 31 17 7 7 7 146 93 102 259 1215 206 	# 62.867601 -0.730625 -1.471198 -0.256954 1.654961 -2.214860 -0.927151 -0.348316 -3.918774 -5.266724 
258		544.240000	10	1823	473.439114		90 261 260 205 340 1608 167 256 297 90 828 94 75 1121 1023 535 940 1060 653 948 201 88 13 66 607 322 302 896 1094 1737 1239 354 474 10 246 803 1399 586 660 104 1823 451 154 374 466 60 249 432 964 187 	# 1067.758166 -2.694125 -20.074316 -4.226377 -4.137823 -37.482124 -5.158273 -5.223457 12.587103 9.194386 
259		0.020000	0	1	0.141421		0 0 0 0 0 0 0 0 0 0 0 0 0 0 0 0 0 0 0 0 0 0 0 0 0 0 0 0 0 0 0 0 0 0 0 0 0 1 0 0 0 0 0 0 0 0 0 0 0 0 	# -12013.975446 25.350249 225.528706 47.571986 47.625955 410.996106 53.776737 58.802268 -30.234268 19.305771 
260		0.020000	0	1	0.141421		0 0 0 0 0 0 0 0 0 0 0 0 0 0 0 0 0 0 0 0 0 0 0 0 0 0 1 0 0 0 0 0 0 0 0 0 0 0 0 0 0 0 0 0 0 0 0 0 0 0 	# 928.469067 13.103375 22.020895 2.085848 -83.385414 4.634694 10.984688 1.890070 -6.788040 72.828669 
261		0.900000	0	6	1.460361		0 0 3 0 3 0 0 4 3 0 0 0 1 5 1 0 0 0 0 0 0 1 0 1 0 0 0 1 0 1 0 3 0 0 0 0 1 1 0 4 0 1 0 6 0 2 0 1 1 1 	# -31.043783 0.402735 -2.396758 -0.543355 1.342324 -0.481433 0.646576 -0.421705 -0.459873 -0.037624 
262		7.520000	0	42	9.019797		8 4 14 18 16 4 0 14 18 3 6 0 0 1 7 6 23 1 0 6 0 3 8 20 32 13 14 0 1 0 4 6 26 42 4 1 8 5 0 9 2 6 1 2 0 8 3 0 1 8 	# -2.858211 -0.148860 -0.418891 0.006182 0.847139 -0.259476 -0.131038 0.005961 -0.448362 -0.278727 
263		144.020000	2	559	125.390897		400 176 99 90 75 219 170 151 315 41 298 152 47 113 223 15 237 8 119 94 93 18 275 75 2 27 559 91 26 39 27 247 9 64 268 209 247 58 260 68 173 497 6 26 194 163 132 103 18 185 	# 62.782012 -0.730625 -1.471198 -0.256954 1.654961 -2.236257 -0.927151 -0.348316 -3.704800 -5.052750 
264		556.680000	14	2340	528.789393		273 1927 348 593 515 316 327 1610 106 14 1311 811 247 260 168 530 84 351 666 181 533 255 670 51 63 1013 450 294 28 770 15 1692 920 755 198 1648 1100 440 253 480 2340 537 239 517 62 312 239 715 463 144 	# 1067.849118 -2.694125 -20.074316 -4.226377 -4.137823 -37.459386 -5.158273 -5.223457 12.359723 8.967006 
265		0.020000	0	1	0.141421		0 0 0 0 0 0 0 0 0 0 0 0 0 0 0 0 0 0 0 0 0 0 0 0 0 0 0 0 0 0 0 0 0 0 0 0 0 0 0 0 1 0 0 0 0 0 0 0 0 0 	# -12014.059678 25.350249 225.528706 47.571986 47.625955 410.975048 53.776737 58.802268 -30.023689 19.516350 
266		0.000000	0	0	0.000000		0 0 0 0 0 0 0 0 0 0 0 0 0 0 0 0 0 0 0 0 0 0 0 0 0 0 0 0 0 0 0 0 0 0 0 0 0 0 0 0 0 0 0 0 0 0 0 0 0 0 	# 927.607137 13.103375 22.020895 2.085848 -83.385414 4.419212 10.984688 1.890070 -4.633215 74.983493 
267		0.620000	0	8	1.412625		0 0 3 0 2 0 0 0 2 0 0 0 0 1 0 1 1 0 0 0 2 0 0 1 8 0 0 0 4 0 0 0 0 1 0 0 0 0 1 0 0 0 3 0 0 0 0 1 0 0 	# -30.296560 0.402735 -2.396758 -0.543355 1.342324 -0.294627 0.646576 -0.421705 -2.327930 -1.905681 
268		9.800000	0	40	10.279760		12 25 11 30 0 21 3 0 12 4 17 17 0 30 10 0 2 0 5 2 40 11 8 36 7 21 0 22 18 2 5 2 2 3 4 5 28 5 6 11 13 12 3 5 0 1 4 0 2 13 	# -2.869863 -0.148860 -0.418891 0.006182 0.847139 -0.262389 -0.131038 0.005961 -0.419231 -0.249596 
269		149.840000	6	867	171.304641		17 867 15 112 37 61 382 252 46 192 208 46 25 6 29 35 556 126 87 388 71 19 60 59 70 152 128 102 78 6 64 226 53 95 77 204 662 179 52 362 44 142 164 69 87 248 268 103 101 60 	# 62.782012 -0.730625 -1.471198 -0.256954 1.654961 -2.236257 -0.927151 -0.348316 -3.704800 -5.052750 
270		654.000000	33	3721	697.866457		459 151 1448 182 614 1099 636 1953 132 658 264 1140 382 157 59 770 442 357 329 174 1081 1766 1269 537 104 33 3721 1466 47 216 68 530 191 407 1572 491 166 448 826 511 795 347 400 2316 304 146 937 110 140 349 	# 1067.849118 -2.694125 -20.074316 -4.226377 -4.137823 -37.459386 -5.158273 -5.223457 12.359723 8.967006 
271		0.020000	0	1	0.141421		0 0 0 0 0 0 0 0 0 0 0 0 0 0 0 0 0 0 0 0 0 0 0 0 0 0 0 0 0 0 0 0 0 0 0 0 0 0 1 0 0 0 0 0 0 0 0 0 0 0 	# -12014.031721 25.350249 225.528706 47.571986 47.625955 410.982037 53.776737 58.802268 -30.093582 19.446457 
272		0.060000	0	1	0.239898		0 0 0 0 0 0 0 0 0 0 0 0 0 0 0 0 0 0 0 0 0 0 0 0 1 0 0 0 0 0 0 0 1 0 0 0 0 0 0 0 0 0 0 0 0 1 0 0 0 0 	# 928.635364 13.103375 22.020895 2.085848 -83.385414 4.676268 10.984688 1.890070 -7.203782 72.412926 
273		0.660000	0	5	1.135872		0 0 0 0 0 0 0 0 0 2 2 0 0 1 0 2 0 0 0 0 0 0 0 0 0 1 0 1 0 0 0 0 1 2 0 0 1 2 4 2 0 0 3 0 0 5 2 1 1 0 	# -31.356415 0.402735 -2.396758 -0.543355 1.342324 -0.559591 0.646576 -0.421705 0.321707 0.743956 
274		6.120000	0	38	6.720787		13 1 2 7 0 12 0 10 0 0 15 11 8 3 0 2 12 8 13 0 9 7 4 0 0 0 9 7 5 16 2 13 7 3 1 4 14 2 38 4 0 0 3 8 9 0 6 10 8 0 	# -2.869863 -0.148860 -0.418891 0.006182 0.847139 -0.262389 -0.131038 0.005961 -0.419231 -0.249596 
275		154.020000	1	581	136.930861		73 214 92 90 197 3 568 8 79 308 288 67 145 179 17 165 11 234 139 110 234 5 391 581 41 85 185 24 144 14 261 164 66 427 92 133 86 1 110 106 17 36 211 36 196 363 140 148 95 322 	# 62.867601 -0.730625 -1.471198 -0.256954 1.654961 -2.214860 -0.927151 -0.348316 -3.918774 -5.266724 
276		608.860000	35	2692	502.225253		179 393 929 190 321 755 413 1330 651 695 1595 238 588 451 974 237 80 307 461 862 343 501 393 278 419 100 828 803 328 873 785 612 425 2692 35 1428 1523 1415 94 364 971 880 146 147 152 63 254 775 446 721 	# 1067.758166 -2.694125 -20.074316 -4.226377 -4.137823 -37.482124 -5.158273 -5.223457 12.587103 9.194386 
277		0.020000	0	1	0.141421		0 0 0 0 0 0 0 0 0 0 0 0 0 0 0 0 0 0 0 0 0 0 0 0 0 0 0 0 0 0 0 0 0 0 0 0 1 0 0 0 0 0 0 0 0 0 0 0 0 0 	# -12013.975446 25.350249 225.528706 47.571986 47.625955 410.996106 53.776737 58.802268 -30.234268 19.305771 
278		0.040000	0	1	0.197949		0 0 0 0 0 0 0 0 1 0 0 0 0 1 0 0 0 0 0 0 0 0 0 0 0 0 0 0 0 0 0 0 0 0 0 0 0 0 0 0 0 0 0 0 0 0 0 0 0 0 	# 928.469067 13.103375 22.020895 2.085848 -83.385414 4.634694 10.984688 1.890070 -6.788040 72.828669 
279		1.060000	0	6	1.434417		0 0 0 1 0 0 1 5 0 1 0 0 4 1 0 1 0 0 0 2 0 3 2 0 2 0 1 1 1 1 1 2 0 3 0 2 0 0 0 1 2 3 0 3 6 0 3 0 0 0 	# -31.043783 0.402735 -2.396758 -0.543355 1.342324 -0.481433 0.646576 -0.421705 -0.459873 -0.037624 
280		6.220000	0	29	7.262681		20 0 21 0 3 4 28 16 4 10 0 8 12 3 12 9 5 0 2 8 3 5 1 7 0 22 5 4 0 3 0 2 11 29 1 10 5 4 8 2 3 0 3 0 10 0 7 0 1 0 	# -2.858211 -0.148860 -0.418891 0.006182 0.847139 -0.259476 -0.131038 0.005961 -0.448362 -0.278727 
281		140.460000	1	599	149.379152		68 29 6 47 74 156 97 1 80 232 7 23 34 119 28 101 10 41 52 277 148 457 8 151 167 58 101 24 432 145 6 109 44 458 65 433 599 25 109 62 29 158 42 438 295 67 257 42 355 257 	# 62.782012 -0.730625 -1.471198 -0.256954 1.654961 -2.236257 -0.927151 -0.348316 -3.704800 -5.052750 
282		762.540000	35	2737	698.287153		97 380 1022 2737 162 412 2429 288 1221 72 44 153 353 589 710 516 1536 113 612 637 1950 2056 122 416 374 975 127 1804 297 2466 426 327 339 35 113 1600 1173 413 525 257 473 375 504 1358 254 1231 967 1552 813 722 	# 1067.849118 -2.694125 -20.074316 -4.226377 -4.137823 -37.459386 -5.158273 -5.223457 12.359723 8.967006 
283		0.060000	0	1	0.239898		0 0 0 0 0 0 0 0 0 0 0 0 0 0 0 0 0 0 0 0 0 0 0 0 0 0 0 0 0 0 0 0 0 0 0 0 1 0 0 0 0 0 0 0 0 0 1 0 0 1 	# -12014.059678 25.350249 225.528706 47.571986 47.625955 410.975048 53.776737 58.802268 -30.023689 19.516350 
284		0.020000	0	1	0.141421		0 0 0 0 0 0 0 0 0 0 0 1 0 0 0 0 0 0 0 0 0 0 0 0 0 0 0 0 0 0 0 0 0 0 0 0 0 0 0 0 0 0 0 0 0 0 0 0 0 0 	# 927.607137 13.103375 22.020895 2.085848 -83.385414 4.419212 10.984688 1.890070 -4.633215 74.983493 
285		0.620000	0	4	0.966585		0 0 0 0 0 0 1 2 0 0 0 0 0 1 1 0 1 2 0 3 0 0 2 2 0 2 0 1 0 1 0 1 0 0 3 1 0 0 1 1 0 0 0 0 4 0 0 0 1 0 	# -30.296560 0.402735 -2.396758 -0.543355 1.342324 -0.294627 0.646576 -0.421705 -2.327930 -1.905681 
286		8.960000	0	39	8.535544		0 1 7 2 7 22 12 2 3 31 5 4 0 8 0 19 0 0 1 11 0 3 15 9 15 12 7 6 16 11 8 7 0 8 5 15 2 15 7 3 10 19 39 29 11 8 11 17 3 2 	# -2.869863 -0.148860 -0.418891 0.006182 0.847139 -0.262389 -0.131038 0.005961 -0.419231 -0.249596 
287		132.880000	5	477	106.833771		89 50 92 184 8 121 128 197 15 37 85 165 188 72 27 477 187 157 15 141 66 297 367 104 120 51 61 231 49 225 50 65 134 29 16 99 5 29 200 110 285 80 416 67 114 189 186 73 187 304 	# 62.782012 -0.730625 -1.471198 -0.256954 1.654961 -2.236257 -0.927151 -0.348316 -3.704800 -5.052750 
288		579.900000	6	1842	480.826892		62 301 103 336 264 688 186 1527 1047 753 1207 108 225 1842 613 187 164 53 6 138 373 611 699 677 370 91 1813 649 1555 100 894 1003 244 215 522 174 260 574 723 1192 622 388 844 1037 1466 11 821 451 469 337 	# 1067.849118 -2.694125 -20.074316 -4.226377 -4.137823 -37.459386 -5.158273 -5.223457 12.359723 8.967006 
289		0.020000	0	1	0.141421		0 0 0 0 0 0 0 0 0 1 0 0 0 0 0 0 0 0 0 0 0 0 0 0 0 0 0 0 0 0 0 0 0 0 0 0 0 0 0 0 0 0 0 0 0 0 0 0 0 0 	# -12014.031721 25.350249 225.528706 47.571986 47.625955 410.982037 53.776737 58.802268 -30.093582 19.446457 
290		0.020000	0	1	0.141421		0 0 0 0 0 0 0 0 0 0 0 0 0 0 0 0 0 0 0 0 0 0 0 0 0 0 0 0 0 0 0 0 0 0 0 0 1 0 0 0 0 0 0 0 0 0 0 0 0 0 	# 928.635364 13.103375 22.020895 2.085848 -83.385414 4.676268 10.984688 1.890070 -7.203782 72.412926 
291		0.900000	0	8	1.631951		8 1 0 1 0 0 0 0 1 0 1 3 7 0 0 0 0 1 1 0 1 1 1 0 1 0 3 0 0 2 0 2 3 0 1 0 0 0 0 2 0 2 0 0 0 0 0 2 0 0 	# -31.356415 0.402735 -2.396758 -0.543355 1.342324 -0.559591 0.646576 -0.421705 0.321707 0.743956 
292		7.360000	0	29	7.493562		8 29 9 1 0 16 0 19 4 0 12 25 7 8 26 7 12 0 5 0 10 8 4 11 4 0 0 13 0 0 1 0 6 4 5 17 3 0 12 9 14 11 1 2 0 13 11 0 19 2 	# -2.869863 -0.148860 -0.418891 0.006182 0.847139 -0.262389 -0.131038 0.005961 -0.419231 -0.249596 
293		149.880000	5	587	132.874137		149 90 268 398 145 93 20 165 190 180 119 129 37 115 62 5 42 108 115 249 56 9 30 223 90 441 70 174 539 213 70 22 181 195 82 178 12 366 60 7 34 317 51 136 242 587 77 169 33 151 	# 62.867601 -0.730625 -1.471198 -0.256954 1.654961 -2.214860 -0.927151 -0.348316 -3.918774 -5.266724 
294		592.920000	26	2658	567.291195		110 2658 49 35 1424 925 1296 1202 33 692 1708 51 100 275 187 1505 915 270 992 187 1057 785 495 1192 51 185 189 179 773 842 295 604 278 308 455 26 339 595 78 113 44 144 407 557 1786 44 1130 669 673 739 	# 1067.758166 -2.694125 -20.074316 -4.226377 -4.137823 -37.482124 -5.158273 -5.223457 12.587103 9.194386 
295		0.020000	0	1	0.141421		0 0 0 0 0 0 0 0 0 0 0 0 0 0 0 0 0 0 0 0 0 1 0 0 0 0 0 0 0 0 0 0 0 0 0 0 0 0 0 0 0 0 0 0 0 0 0 0 0 0 	# -12013.975446 25.350249 225.528706 47.571986 47.625955 410.996106 53.776737 58.802268 -30.234268 19.305771 
296		0.060000	0	2	0.313636		0 0 0 0 0 0 0 0 0 0 0 0 0 0 0 0 0 0 0 0 2 0 0 0 1 0 0 0 0 0 0 0 0 0 0 0 0 0 0 0 0 0 0 0 0 0 0 0 0 0 	# 928.469067 13.103375 22.020895 2.085848 -83.385414 4.634694 10.984688 1.890070 -6.788040 72.828669 
297		0.920000	0	5	1.242775		0 1 5 0 3 0 0 0 2 1 2 1 0 1 1 0 0 4 2 0 2 1 0 2 0 0 0 0 3 0 2 0 0 2 0 4 0 0 0 0 2 0 1 0 1 1 1 1 0 0 	# -31.043783 0.402735 -2.396758 -0.543355 1.342324 -0.481433 0.646576 -0.421705 -0.459873 -0.037624 
298		8.640000	0	31	7.857818		20 9 11 19 4 0 3 0 4 11 8 9 6 4 14 11 6 18 1 5 0 10 5 5 9 10 8 0 2 20 25 16 3 5 0 20 5 0 7 0 20 27 0 17 7 0 31 2 8 7 	# -2.858211 -0.148860 -0.418891 0.006182 0.847139 -0.259476 -0.131038 0.005961 -0.448362 -0.278727 
299		156.660000	11	614	134.642476		54 26 66 11 56 18 115 103 260 19 22 142 231 317 29 380 75 335 89 128 272 215 287 614 95 105 190 187 46 15 29 48 89 376 481 111 139 38 50 120 310 132 347 35 149 123 94 167 167 326 	# 62.782012 -0.730625 -1.471198 -0.256954 1.654961 -2.236257 -0.927151 -0.348316 -3.704800 -5.052750 
