# Episode	Mean score	Min	Max	Standard deviation	Scores	# Feature weights	
0		681.440000	14	2707	710.360275		1144 1571 529 382 487 1037 47 201 14 158 258 2254 81 715 82 746 46 2707 413 144 1251 587 51 1353 294 875 529 89 256 30 550 2570 394 927 259 112 29 2383 1013 99 837 1074 568 325 945 43 1015 285 2152 161 	# 699.806557 -1.080441 -16.116378 -3.692792 -5.111285 -28.015963 -2.417232 -4.118439 38.088015 39.777215 
1		0.040000	0	1	0.197949		0 0 0 0 0 0 0 0 0 0 0 0 0 0 0 0 0 0 0 0 0 1 0 0 0 0 0 0 0 0 0 0 1 0 0 0 0 0 0 0 0 0 0 0 0 0 0 0 0 0 	# -369.192550 0.914270 9.168997 1.905048 2.928386 40.821747 1.910835 2.279269 -252.173261 -250.730179 
2		0.060000	0	1	0.239898		0 0 0 0 0 0 0 0 0 0 0 0 1 0 0 0 0 0 0 0 0 0 0 0 1 0 0 0 0 0 0 0 0 0 0 0 0 0 0 0 0 0 0 1 0 0 0 0 0 0 	# 1.415845 0.027043 0.008521 -0.000043 -0.191807 -0.143478 0.028321 0.002365 1.491632 2.691294 
3		0.400000	0	3	0.699854		1 1 0 0 0 0 0 0 1 0 2 1 0 2 0 1 3 0 1 0 0 1 1 0 1 0 0 0 0 0 0 0 0 0 0 0 0 0 0 0 0 0 0 1 0 0 2 0 0 1 	# -16.347746 -0.023941 -0.109545 -0.059223 1.400991 0.237438 -0.041705 -0.069405 -3.142785 -3.601361 
4		0.660000	0	4	1.002242		0 0 0 0 0 1 2 0 0 1 1 0 3 0 0 1 1 1 0 0 2 0 4 0 0 0 3 2 0 0 2 0 0 1 2 2 0 0 0 0 0 0 1 0 0 0 0 2 0 1 	# -0.028116 -0.003976 0.003469 0.001890 0.004894 -0.020106 -0.003991 0.000895 0.187044 1.179509 
5		95.300000	19	240	51.744762		161 69 91 104 23 167 19 89 240 43 134 83 108 171 152 165 135 55 48 59 209 77 89 217 113 45 48 23 93 52 65 67 50 62 82 56 78 104 61 79 125 160 99 83 52 150 125 69 76 40 	# 11.975216 -0.479749 -0.255343 -0.131535 1.354256 0.035207 -0.584416 -0.162960 -7.140405 -7.813801 
6		672.740000	7	1948	491.921423		91 407 945 240 503 590 424 169 181 1702 1012 1301 426 1729 188 810 879 1415 506 246 406 301 334 175 1104 630 95 759 304 1213 214 973 1202 1220 636 1504 795 1948 7 914 650 174 1104 515 214 1221 503 285 326 147 	# 222.463017 -0.121299 -5.738535 -1.164459 -0.083693 -10.117813 -0.531470 -1.345019 14.401742 14.036657 
7		0.000000	0	0	0.000000		0 0 0 0 0 0 0 0 0 0 0 0 0 0 0 0 0 0 0 0 0 0 0 0 0 0 0 0 0 0 0 0 0 0 0 0 0 0 0 0 0 0 0 0 0 0 0 0 0 0 	# -578.167528 0.847530 8.425993 1.723217 2.784015 -21.840144 1.755405 2.070444 361.947309 363.269869 
8		0.040000	0	1	0.197949		0 0 0 0 0 0 0 0 0 0 0 0 0 0 0 0 0 0 0 0 0 0 0 1 0 0 1 0 0 0 0 0 0 0 0 0 0 0 0 0 0 0 0 0 0 0 0 0 0 0 	# 1.415845 0.027043 0.008521 -0.000043 -0.191807 -0.143478 0.028321 0.002365 1.491632 2.691294 
9		0.320000	0	3	0.620730		0 1 0 0 1 0 0 0 0 0 0 0 0 0 0 0 1 1 0 0 0 0 2 0 0 1 0 0 1 0 0 0 3 0 0 0 0 1 1 0 0 0 0 1 0 1 1 0 0 0 	# -16.347746 -0.023941 -0.109545 -0.059223 1.400991 0.237438 -0.041705 -0.069405 -3.142785 -3.601361 
10		1.020000	0	8	1.878884		5 0 0 0 0 0 1 0 0 8 5 0 2 0 6 0 0 1 0 2 1 0 3 0 0 0 0 0 1 0 0 0 0 0 1 2 0 6 0 1 0 1 3 0 0 0 1 0 0 1 	# -0.028116 -0.003976 0.003469 0.001890 0.004894 -0.020106 -0.003991 0.000895 0.187044 1.179509 
11		104.440000	40	282	50.817866		124 69 140 55 121 183 73 44 56 104 48 180 115 91 156 147 42 180 85 131 145 41 40 139 110 172 157 78 83 80 49 183 45 62 149 44 70 94 108 74 125 49 68 148 100 120 119 282 72 72 	# 11.975216 -0.479749 -0.255343 -0.131535 1.354256 0.035207 -0.584416 -0.162960 -7.140405 -7.813801 
12		649.120000	7	2796	670.497276		388 223 944 330 343 13 2495 147 658 1815 345 1959 285 1554 201 139 42 1402 18 7 314 390 276 111 771 400 1612 545 748 969 2184 181 798 2796 277 333 131 135 39 290 380 395 392 1052 522 1016 283 370 441 997 	# 222.463017 -0.121299 -5.738535 -1.164459 -0.083693 -10.117813 -0.531470 -1.345019 14.401742 14.036657 
13		0.060000	0	1	0.239898		0 0 0 0 0 0 1 0 0 1 0 0 0 0 1 0 0 0 0 0 0 0 0 0 0 0 0 0 0 0 0 0 0 0 0 0 0 0 0 0 0 0 0 0 0 0 0 0 0 0 	# -578.167528 0.847530 8.425993 1.723217 2.784015 -21.840144 1.755405 2.070444 361.947309 363.269869 
14		0.000000	0	0	0.000000		0 0 0 0 0 0 0 0 0 0 0 0 0 0 0 0 0 0 0 0 0 0 0 0 0 0 0 0 0 0 0 0 0 0 0 0 0 0 0 0 0 0 0 0 0 0 0 0 0 0 	# 1.415845 0.027043 0.008521 -0.000043 -0.191807 -0.143478 0.028321 0.002365 1.491632 2.691294 
15		0.280000	0	3	0.572855		0 3 0 1 0 1 0 1 0 0 0 0 0 1 0 0 1 0 0 0 0 0 1 0 0 0 0 0 1 0 0 0 0 0 0 0 1 1 0 0 0 0 0 0 0 0 0 1 0 1 	# -16.347746 -0.023941 -0.109545 -0.059223 1.400991 0.237438 -0.041705 -0.069405 -3.142785 -3.601361 
16		1.300000	0	8	1.929894		0 0 0 8 2 0 0 0 0 1 0 0 2 0 4 4 2 0 3 0 0 2 0 1 2 0 1 5 0 6 0 0 6 3 0 1 2 0 3 0 3 1 0 0 0 0 0 0 0 3 	# -0.028116 -0.003976 0.003469 0.001890 0.004894 -0.020106 -0.003991 0.000895 0.187044 1.179509 
17		87.020000	17	257	54.589559		48 126 106 40 66 38 139 64 38 47 42 60 221 45 21 49 162 50 160 68 125 33 86 86 27 59 47 17 100 47 152 80 204 89 257 40 44 41 94 160 167 77 73 117 56 94 69 72 92 156 	# 11.975216 -0.479749 -0.255343 -0.131535 1.354256 0.035207 -0.584416 -0.162960 -7.140405 -7.813801 
18		540.260000	25	1667	389.195130		57 883 258 957 1667 1189 233 516 188 791 549 758 283 33 572 432 1311 64 715 371 238 184 89 827 420 794 59 818 303 25 204 1523 101 124 635 330 1028 501 346 740 495 325 739 805 1010 339 818 422 343 601 	# 222.463017 -0.121299 -5.738535 -1.164459 -0.083693 -10.117813 -0.531470 -1.345019 14.401742 14.036657 
19		0.000000	0	0	0.000000		0 0 0 0 0 0 0 0 0 0 0 0 0 0 0 0 0 0 0 0 0 0 0 0 0 0 0 0 0 0 0 0 0 0 0 0 0 0 0 0 0 0 0 0 0 0 0 0 0 0 	# -578.167528 0.847530 8.425993 1.723217 2.784015 -21.840144 1.755405 2.070444 361.947309 363.269869 
20		0.020000	0	1	0.141421		0 0 0 0 0 0 0 0 0 0 0 0 0 0 0 0 0 0 0 0 0 0 0 0 0 0 0 0 0 0 0 0 0 0 0 0 0 0 1 0 0 0 0 0 0 0 0 0 0 0 	# 1.415845 0.027043 0.008521 -0.000043 -0.191807 -0.143478 0.028321 0.002365 1.491632 2.691294 
21		0.500000	0	4	1.035098		0 0 3 0 3 0 0 0 0 0 1 0 0 0 0 1 0 0 0 2 0 1 0 0 1 0 0 0 0 3 0 0 0 0 1 0 0 0 0 0 0 3 0 0 0 0 4 0 2 0 	# -16.347746 -0.023941 -0.109545 -0.059223 1.400991 0.237438 -0.041705 -0.069405 -3.142785 -3.601361 
22		1.320000	0	10	2.103835		0 1 5 0 0 0 0 1 1 0 0 0 0 0 0 5 0 0 1 1 0 5 5 0 1 0 4 3 0 0 0 1 10 1 5 1 2 0 0 3 0 1 0 2 1 0 0 1 5 0 	# -0.028116 -0.003976 0.003469 0.001890 0.004894 -0.020106 -0.003991 0.000895 0.187044 1.179509 
23		92.100000	16	195	45.430481		80 73 183 132 116 194 41 30 78 57 83 51 73 97 45 108 104 103 92 42 111 47 113 100 40 54 176 51 101 148 16 153 138 33 57 66 116 126 195 69 148 119 68 71 82 171 69 44 52 89 	# 11.975216 -0.479749 -0.255343 -0.131535 1.354256 0.035207 -0.584416 -0.162960 -7.140405 -7.813801 
24		638.200000	15	3433	662.518941		819 163 100 28 954 776 352 408 434 79 777 2377 256 199 280 15 422 348 92 347 1004 696 1549 1108 614 176 260 18 1670 30 678 363 576 672 1122 164 1258 1055 3433 911 348 112 103 1744 500 15 642 135 323 1405 	# 222.463017 -0.121299 -5.738535 -1.164459 -0.083693 -10.117813 -0.531470 -1.345019 14.401742 14.036657 
25		0.040000	0	1	0.197949		0 0 0 0 0 0 0 0 0 0 0 0 0 0 0 0 0 0 0 0 0 0 0 0 1 0 0 0 0 0 0 0 0 0 0 0 0 0 1 0 0 0 0 0 0 0 0 0 0 0 	# -578.167528 0.847530 8.425993 1.723217 2.784015 -21.840144 1.755405 2.070444 361.947309 363.269869 
26		0.100000	0	1	0.303046		0 0 0 0 0 0 0 0 0 0 0 1 1 0 0 1 0 1 0 0 0 0 0 0 0 0 0 0 0 0 0 0 0 0 0 0 1 0 0 0 0 0 0 0 0 0 0 0 0 0 	# 1.415845 0.027043 0.008521 -0.000043 -0.191807 -0.143478 0.028321 0.002365 1.491632 2.691294 
27		0.300000	0	2	0.580288		2 0 1 1 0 2 0 0 0 0 1 1 0 0 0 0 0 2 0 0 1 0 0 0 0 0 0 0 0 0 0 1 0 0 0 1 0 0 0 0 0 0 0 0 0 0 0 0 1 1 	# -16.347746 -0.023941 -0.109545 -0.059223 1.400991 0.237438 -0.041705 -0.069405 -3.142785 -3.601361 
28		1.080000	0	6	1.759406		0 0 0 0 0 1 2 0 0 0 0 0 6 1 0 6 0 2 2 0 0 0 3 0 5 2 0 0 0 0 1 6 1 0 0 0 0 4 0 0 3 0 3 0 0 3 2 1 0 0 	# -0.028116 -0.003976 0.003469 0.001890 0.004894 -0.020106 -0.003991 0.000895 0.187044 1.179509 
29		98.640000	22	270	57.168480		270 75 71 67 55 117 108 85 100 42 28 105 86 245 27 77 58 183 191 78 122 82 178 228 109 69 68 96 22 86 121 78 74 51 70 28 195 103 71 139 128 40 175 119 37 68 100 50 103 54 	# 11.975216 -0.479749 -0.255343 -0.131535 1.354256 0.035207 -0.584416 -0.162960 -7.140405 -7.813801 
30		517.220000	37	1372	383.805876		269 422 472 356 238 485 167 70 74 37 942 1372 67 1064 466 1162 570 264 869 144 982 992 798 203 461 303 53 1351 644 583 1139 63 926 64 347 541 348 325 147 728 1185 557 925 144 63 986 346 500 371 276 	# 222.463017 -0.121299 -5.738535 -1.164459 -0.083693 -10.117813 -0.531470 -1.345019 14.401742 14.036657 
31		0.060000	0	1	0.239898		0 0 0 0 0 0 0 0 0 0 0 0 0 0 0 0 0 0 0 1 0 0 0 0 0 0 0 0 0 0 0 0 0 0 0 1 0 0 0 0 0 0 0 0 0 0 0 1 0 0 	# -578.167528 0.847530 8.425993 1.723217 2.784015 -21.840144 1.755405 2.070444 361.947309 363.269869 
32		0.060000	0	1	0.239898		0 0 0 0 0 0 0 0 0 0 0 0 0 0 0 0 0 0 0 0 0 0 0 0 1 0 0 0 0 0 0 0 0 0 0 0 0 0 1 0 0 1 0 0 0 0 0 0 0 0 	# 1.415845 0.027043 0.008521 -0.000043 -0.191807 -0.143478 0.028321 0.002365 1.491632 2.691294 
33		0.440000	0	4	0.812153		4 0 0 1 0 0 0 0 0 1 0 0 0 1 0 0 2 0 0 0 1 0 1 1 0 0 0 2 0 0 1 0 0 0 1 0 0 2 2 1 1 0 0 0 0 0 0 0 0 0 	# -16.347746 -0.023941 -0.109545 -0.059223 1.400991 0.237438 -0.041705 -0.069405 -3.142785 -3.601361 
34		1.220000	0	11	2.159837		0 0 0 1 5 0 0 0 0 0 2 0 1 0 0 0 0 11 0 1 3 0 6 4 3 1 0 0 1 0 2 0 0 0 1 0 0 0 0 4 1 1 1 5 0 5 0 0 2 0 	# -0.028116 -0.003976 0.003469 0.001890 0.004894 -0.020106 -0.003991 0.000895 0.187044 1.179509 
35		90.500000	9	229	55.409146		75 83 133 9 107 112 129 40 124 72 155 29 84 67 146 61 112 37 115 42 164 57 228 33 194 19 23 37 84 175 66 86 62 142 88 137 51 229 104 24 131 31 49 39 29 34 135 162 124 56 	# 11.975216 -0.479749 -0.255343 -0.131535 1.354256 0.035207 -0.584416 -0.162960 -7.140405 -7.813801 
36		723.720000	17	2454	673.668544		2346 321 30 304 66 1477 1962 779 785 2016 606 543 161 1212 429 293 1288 1342 58 387 94 267 361 84 247 17 1623 317 207 1806 1409 298 2454 407 490 358 696 328 1477 265 1552 277 104 700 287 1287 1596 500 58 215 	# 222.463017 -0.121299 -5.738535 -1.164459 -0.083693 -10.117813 -0.531470 -1.345019 14.401742 14.036657 
37		0.020000	0	1	0.141421		0 0 0 0 0 0 0 0 0 0 0 0 0 0 0 0 0 0 0 0 0 0 0 0 0 0 0 0 1 0 0 0 0 0 0 0 0 0 0 0 0 0 0 0 0 0 0 0 0 0 	# -578.167528 0.847530 8.425993 1.723217 2.784015 -21.840144 1.755405 2.070444 361.947309 363.269869 
38		0.040000	0	1	0.197949		0 0 0 0 0 0 0 0 0 0 0 0 0 0 0 0 0 0 0 0 0 0 0 0 0 0 0 0 0 0 0 0 0 0 0 0 0 0 0 1 0 1 0 0 0 0 0 0 0 0 	# 1.415845 0.027043 0.008521 -0.000043 -0.191807 -0.143478 0.028321 0.002365 1.491632 2.691294 
39		0.320000	0	3	0.683329		1 0 0 0 0 0 0 0 0 0 0 0 0 0 2 0 0 0 0 0 2 0 0 0 0 1 0 2 0 0 0 0 0 0 3 0 0 0 0 1 1 1 0 0 1 0 0 1 0 0 	# -16.347746 -0.023941 -0.109545 -0.059223 1.400991 0.237438 -0.041705 -0.069405 -3.142785 -3.601361 
40		1.140000	0	11	2.222427		2 0 1 0 2 0 4 0 0 0 3 0 6 0 1 0 0 0 8 0 1 4 0 2 0 0 2 0 0 0 0 0 0 0 0 0 2 0 1 0 4 1 0 11 0 0 0 0 0 2 	# -0.028116 -0.003976 0.003469 0.001890 0.004894 -0.020106 -0.003991 0.000895 0.187044 1.179509 
41		87.120000	17	263	49.326335		263 41 92 85 70 56 104 57 58 32 104 66 96 17 77 67 185 58 62 94 137 44 81 78 187 191 47 213 70 93 80 72 68 46 131 55 78 149 92 84 73 61 95 42 28 70 123 70 53 61 	# 11.975216 -0.479749 -0.255343 -0.131535 1.354256 0.035207 -0.584416 -0.162960 -7.140405 -7.813801 
42		556.780000	30	3293	581.463716		311 291 176 722 158 34 303 154 156 190 270 312 712 447 1032 410 993 1137 497 1063 417 1450 205 112 808 320 35 1079 525 647 1204 30 897 800 3293 37 138 1937 228 376 152 705 298 1125 191 240 88 88 826 220 	# 222.463017 -0.121299 -5.738535 -1.164459 -0.083693 -10.117813 -0.531470 -1.345019 14.401742 14.036657 
43		0.020000	0	1	0.141421		0 0 0 0 0 0 0 0 0 0 0 0 0 0 0 0 0 0 0 0 0 0 0 0 0 0 0 0 0 0 0 0 0 0 0 0 0 0 0 0 0 0 1 0 0 0 0 0 0 0 	# -578.167528 0.847530 8.425993 1.723217 2.784015 -21.840144 1.755405 2.070444 361.947309 363.269869 
44		0.000000	0	0	0.000000		0 0 0 0 0 0 0 0 0 0 0 0 0 0 0 0 0 0 0 0 0 0 0 0 0 0 0 0 0 0 0 0 0 0 0 0 0 0 0 0 0 0 0 0 0 0 0 0 0 0 	# 1.415845 0.027043 0.008521 -0.000043 -0.191807 -0.143478 0.028321 0.002365 1.491632 2.691294 
45		0.540000	0	2	0.761577		0 0 0 0 0 0 1 0 0 1 0 0 0 2 0 1 0 0 0 0 2 0 1 0 1 0 2 0 0 1 2 0 0 0 2 1 0 2 1 0 2 2 1 0 0 0 1 1 0 0 	# -16.347746 -0.023941 -0.109545 -0.059223 1.400991 0.237438 -0.041705 -0.069405 -3.142785 -3.601361 
46		1.420000	0	11	2.499714		10 2 0 0 0 0 0 0 0 1 3 2 0 1 11 0 0 0 0 6 3 0 0 0 1 1 2 0 0 2 0 0 0 0 0 4 0 0 5 2 0 1 0 0 5 0 0 4 5 0 	# -0.028116 -0.003976 0.003469 0.001890 0.004894 -0.020106 -0.003991 0.000895 0.187044 1.179509 
47		83.080000	23	191	37.302864		36 64 96 92 152 71 37 49 79 121 139 109 108 65 94 98 48 108 191 40 23 118 68 71 88 31 104 44 37 98 42 138 83 103 78 137 32 126 95 67 67 78 54 93 122 52 117 48 28 115 	# 11.975216 -0.479749 -0.255343 -0.131535 1.354256 0.035207 -0.584416 -0.162960 -7.140405 -7.813801 
48		516.540000	6	4235	720.217093		141 153 285 711 812 57 531 432 238 19 1165 11 639 439 102 277 61 42 988 2322 21 23 395 347 498 123 107 914 773 2244 6 4235 77 202 777 290 451 516 188 188 490 69 413 234 197 483 642 999 329 171 	# 222.463017 -0.121299 -5.738535 -1.164459 -0.083693 -10.117813 -0.531470 -1.345019 14.401742 14.036657 
49		0.040000	0	1	0.197949		0 0 0 0 0 0 0 0 0 0 0 0 0 0 0 0 0 0 0 0 0 0 1 0 0 0 0 0 0 0 0 0 0 1 0 0 0 0 0 0 0 0 0 0 0 0 0 0 0 0 	# -578.167528 0.847530 8.425993 1.723217 2.784015 -21.840144 1.755405 2.070444 361.947309 363.269869 
50		0.020000	0	1	0.141421		0 0 0 0 0 0 0 0 0 0 0 0 0 0 0 0 0 0 0 0 0 0 0 0 0 0 0 0 0 0 0 0 0 0 0 0 0 0 0 0 0 0 1 0 0 0 0 0 0 0 	# 1.415845 0.027043 0.008521 -0.000043 -0.191807 -0.143478 0.028321 0.002365 1.491632 2.691294 
51		0.440000	0	3	0.732900		0 1 1 0 0 0 1 1 2 0 0 1 0 0 0 1 0 0 0 3 0 0 0 0 0 0 0 0 0 0 0 0 0 0 1 1 1 0 0 0 0 0 2 2 0 0 2 1 0 1 	# -16.347746 -0.023941 -0.109545 -0.059223 1.400991 0.237438 -0.041705 -0.069405 -3.142785 -3.601361 
52		0.740000	0	5	1.139459		0 0 1 0 0 0 0 0 0 0 0 1 0 0 1 0 0 1 0 0 3 0 0 0 0 1 2 1 0 0 2 0 0 0 3 0 0 3 2 1 3 1 1 0 5 0 0 1 2 2 	# -0.028116 -0.003976 0.003469 0.001890 0.004894 -0.020106 -0.003991 0.000895 0.187044 1.179509 
53		93.460000	16	320	53.703346		92 84 66 87 48 211 111 88 97 117 53 74 78 30 60 91 61 50 79 89 16 66 87 97 95 139 96 128 320 96 55 174 82 125 89 77 72 35 221 76 32 190 129 114 95 57 45 51 54 94 	# 11.975216 -0.479749 -0.255343 -0.131535 1.354256 0.035207 -0.584416 -0.162960 -7.140405 -7.813801 
54		612.120000	9	2346	527.633401		262 760 613 427 1361 1151 9 498 63 1242 135 578 222 131 374 751 708 446 59 1457 1148 46 1085 215 694 1047 432 2346 597 109 828 159 193 292 351 1015 87 2244 970 563 1067 144 1031 228 344 30 220 871 302 701 	# 222.463017 -0.121299 -5.738535 -1.164459 -0.083693 -10.117813 -0.531470 -1.345019 14.401742 14.036657 
55		0.000000	0	0	0.000000		0 0 0 0 0 0 0 0 0 0 0 0 0 0 0 0 0 0 0 0 0 0 0 0 0 0 0 0 0 0 0 0 0 0 0 0 0 0 0 0 0 0 0 0 0 0 0 0 0 0 	# -578.167528 0.847530 8.425993 1.723217 2.784015 -21.840144 1.755405 2.070444 361.947309 363.269869 
56		0.020000	0	1	0.141421		1 0 0 0 0 0 0 0 0 0 0 0 0 0 0 0 0 0 0 0 0 0 0 0 0 0 0 0 0 0 0 0 0 0 0 0 0 0 0 0 0 0 0 0 0 0 0 0 0 0 	# 1.415845 0.027043 0.008521 -0.000043 -0.191807 -0.143478 0.028321 0.002365 1.491632 2.691294 
57		0.300000	0	3	0.707107		0 0 2 0 0 0 0 0 0 0 0 0 1 0 0 0 0 0 2 0 0 0 0 0 0 0 0 1 0 0 0 0 0 1 1 0 0 0 2 0 0 0 3 2 0 0 0 0 0 0 	# -16.347746 -0.023941 -0.109545 -0.059223 1.400991 0.237438 -0.041705 -0.069405 -3.142785 -3.601361 
58		0.600000	0	3	0.989743		2 0 0 0 2 3 1 0 3 0 2 2 3 1 0 0 0 0 0 0 0 0 0 3 0 1 0 0 0 0 0 1 1 2 0 2 0 0 0 0 0 0 0 0 0 1 0 0 0 0 	# -0.028116 -0.003976 0.003469 0.001890 0.004894 -0.020106 -0.003991 0.000895 0.187044 1.179509 
59		91.140000	10	295	54.099685		153 79 90 30 95 10 52 65 84 68 105 155 109 87 153 162 99 69 128 43 51 177 60 38 51 92 46 66 295 65 84 46 58 144 91 124 77 89 74 96 179 37 23 239 90 55 59 81 89 45 	# 11.975216 -0.479749 -0.255343 -0.131535 1.354256 0.035207 -0.584416 -0.162960 -7.140405 -7.813801 
60		560.080000	30	1834	457.827159		62 30 362 293 100 301 1302 870 225 242 71 956 430 1415 129 697 162 79 1436 168 84 267 571 373 742 567 238 925 292 404 1148 765 318 579 476 570 1834 485 128 522 193 374 1154 1163 218 35 474 1514 1097 1164 	# 222.463017 -0.121299 -5.738535 -1.164459 -0.083693 -10.117813 -0.531470 -1.345019 14.401742 14.036657 
61		0.000000	0	0	0.000000		0 0 0 0 0 0 0 0 0 0 0 0 0 0 0 0 0 0 0 0 0 0 0 0 0 0 0 0 0 0 0 0 0 0 0 0 0 0 0 0 0 0 0 0 0 0 0 0 0 0 	# -578.167528 0.847530 8.425993 1.723217 2.784015 -21.840144 1.755405 2.070444 361.947309 363.269869 
62		0.000000	0	0	0.000000		0 0 0 0 0 0 0 0 0 0 0 0 0 0 0 0 0 0 0 0 0 0 0 0 0 0 0 0 0 0 0 0 0 0 0 0 0 0 0 0 0 0 0 0 0 0 0 0 0 0 	# 1.415845 0.027043 0.008521 -0.000043 -0.191807 -0.143478 0.028321 0.002365 1.491632 2.691294 
63		0.280000	0	2	0.536048		0 0 0 0 0 0 0 0 1 0 0 0 1 0 0 2 0 0 0 2 1 0 0 0 0 1 0 0 1 0 0 0 0 0 1 0 1 1 0 0 0 0 0 1 1 0 0 0 0 0 	# -16.347746 -0.023941 -0.109545 -0.059223 1.400991 0.237438 -0.041705 -0.069405 -3.142785 -3.601361 
64		1.680000	0	11	2.559018		3 0 4 0 3 3 1 0 6 2 3 1 3 0 3 1 1 0 1 3 0 0 0 1 3 0 2 0 0 8 1 0 0 0 0 0 0 0 0 2 5 0 0 0 11 0 0 0 3 10 	# -0.028116 -0.003976 0.003469 0.001890 0.004894 -0.020106 -0.003991 0.000895 0.187044 1.179509 
65		98.200000	11	274	59.447456		16 201 59 211 90 267 93 57 100 65 57 57 38 62 11 95 83 175 136 38 142 50 72 155 173 101 96 82 65 185 132 100 274 91 57 42 61 25 136 61 45 106 93 73 179 49 101 107 69 77 	# 11.975216 -0.479749 -0.255343 -0.131535 1.354256 0.035207 -0.584416 -0.162960 -7.140405 -7.813801 
66		655.320000	14	2315	548.594324		524 1333 472 252 867 2315 1395 771 346 253 322 442 43 884 288 111 2251 225 892 1033 819 805 350 537 1099 527 445 691 785 270 535 284 648 265 133 1750 1284 710 492 362 14 1615 510 242 1447 18 170 32 17 891 	# 222.463017 -0.121299 -5.738535 -1.164459 -0.083693 -10.117813 -0.531470 -1.345019 14.401742 14.036657 
67		0.000000	0	0	0.000000		0 0 0 0 0 0 0 0 0 0 0 0 0 0 0 0 0 0 0 0 0 0 0 0 0 0 0 0 0 0 0 0 0 0 0 0 0 0 0 0 0 0 0 0 0 0 0 0 0 0 	# -578.167528 0.847530 8.425993 1.723217 2.784015 -21.840144 1.755405 2.070444 361.947309 363.269869 
68		0.020000	0	1	0.141421		1 0 0 0 0 0 0 0 0 0 0 0 0 0 0 0 0 0 0 0 0 0 0 0 0 0 0 0 0 0 0 0 0 0 0 0 0 0 0 0 0 0 0 0 0 0 0 0 0 0 	# 1.415845 0.027043 0.008521 -0.000043 -0.191807 -0.143478 0.028321 0.002365 1.491632 2.691294 
69		0.180000	0	2	0.437526		0 0 0 0 0 0 1 0 0 0 0 0 0 0 0 0 0 0 0 0 0 1 0 1 0 0 0 0 0 0 0 1 2 0 0 0 0 0 0 0 1 0 1 0 0 0 0 0 1 0 	# -16.347746 -0.023941 -0.109545 -0.059223 1.400991 0.237438 -0.041705 -0.069405 -3.142785 -3.601361 
70		0.920000	0	11	2.028773		2 2 0 0 3 0 0 0 0 0 0 0 0 11 0 0 0 0 0 0 3 0 0 0 0 0 1 0 2 0 0 0 2 3 0 0 0 1 0 3 7 0 0 2 0 0 0 0 0 4 	# -0.028116 -0.003976 0.003469 0.001890 0.004894 -0.020106 -0.003991 0.000895 0.187044 1.179509 
71		78.840000	9	286	47.661374		156 140 68 102 72 22 104 54 107 43 101 28 75 69 67 64 117 37 286 10 89 70 87 72 103 172 28 66 67 9 74 85 52 64 63 58 62 29 20 77 98 69 73 78 166 32 72 101 50 134 	# 11.975216 -0.479749 -0.255343 -0.131535 1.354256 0.035207 -0.584416 -0.162960 -7.140405 -7.813801 
72		406.740000	4	1832	438.340181		874 663 96 96 120 748 45 493 1630 393 90 41 214 567 371 24 225 1589 231 82 434 133 118 290 396 447 214 295 694 118 22 140 222 412 143 294 251 4 978 45 1047 681 59 283 1347 113 360 164 1832 209 	# 222.463017 -0.121299 -5.738535 -1.164459 -0.083693 -10.117813 -0.531470 -1.345019 14.401742 14.036657 
73		0.080000	0	1	0.274048		0 0 1 0 0 0 0 0 0 0 0 0 0 1 0 0 0 0 0 0 0 0 0 0 0 0 0 0 0 0 0 1 0 0 0 0 0 0 0 0 0 0 0 0 0 0 0 0 0 1 	# -578.167528 0.847530 8.425993 1.723217 2.784015 -21.840144 1.755405 2.070444 361.947309 363.269869 
74		0.040000	0	1	0.197949		0 0 0 0 0 0 0 0 0 0 0 0 0 0 0 0 0 0 0 0 0 0 0 0 0 0 0 0 0 1 0 1 0 0 0 0 0 0 0 0 0 0 0 0 0 0 0 0 0 0 	# 1.415845 0.027043 0.008521 -0.000043 -0.191807 -0.143478 0.028321 0.002365 1.491632 2.691294 
75		0.400000	0	3	0.728431		0 0 0 0 0 0 1 0 0 0 0 1 0 0 0 0 0 0 0 0 0 1 0 2 1 1 1 2 0 0 0 0 0 1 0 1 0 0 0 0 3 2 1 0 0 0 0 2 0 0 	# -16.347746 -0.023941 -0.109545 -0.059223 1.400991 0.237438 -0.041705 -0.069405 -3.142785 -3.601361 
76		1.300000	0	9	1.854394		0 1 0 2 4 2 4 0 1 0 0 3 0 0 0 1 0 0 2 0 3 0 1 0 3 3 0 1 2 0 5 1 2 0 3 0 2 0 0 1 0 1 9 1 0 0 0 1 0 6 	# -0.028116 -0.003976 0.003469 0.001890 0.004894 -0.020106 -0.003991 0.000895 0.187044 1.179509 
77		93.880000	34	269	46.075200		88 99 90 200 44 72 96 35 56 128 44 66 115 65 269 145 133 46 124 89 199 67 109 100 138 62 63 69 99 87 34 70 101 94 64 138 72 76 89 49 61 42 86 68 163 66 125 81 71 147 	# 11.975216 -0.479749 -0.255343 -0.131535 1.354256 0.035207 -0.584416 -0.162960 -7.140405 -7.813801 
78		540.200000	6	2187	487.402151		324 707 399 334 650 606 240 777 1065 1365 1082 514 852 416 598 168 431 157 8 324 142 429 1654 99 2187 197 560 307 118 577 189 30 398 864 699 479 204 6 158 1995 958 39 260 249 223 509 371 1009 22 1061 	# 222.463017 -0.121299 -5.738535 -1.164459 -0.083693 -10.117813 -0.531470 -1.345019 14.401742 14.036657 
79		0.000000	0	0	0.000000		0 0 0 0 0 0 0 0 0 0 0 0 0 0 0 0 0 0 0 0 0 0 0 0 0 0 0 0 0 0 0 0 0 0 0 0 0 0 0 0 0 0 0 0 0 0 0 0 0 0 	# -578.167528 0.847530 8.425993 1.723217 2.784015 -21.840144 1.755405 2.070444 361.947309 363.269869 
80		0.020000	0	1	0.141421		0 0 0 0 0 0 0 0 0 0 0 0 0 0 0 0 0 0 0 0 0 0 0 0 1 0 0 0 0 0 0 0 0 0 0 0 0 0 0 0 0 0 0 0 0 0 0 0 0 0 	# 1.415845 0.027043 0.008521 -0.000043 -0.191807 -0.143478 0.028321 0.002365 1.491632 2.691294 
81		0.420000	0	4	0.835195		0 0 0 0 0 2 2 1 0 0 1 0 0 0 0 0 1 0 1 1 0 0 0 0 0 0 2 0 2 0 0 2 0 0 0 4 0 0 0 0 0 0 0 1 0 0 1 0 0 0 	# -16.347746 -0.023941 -0.109545 -0.059223 1.400991 0.237438 -0.041705 -0.069405 -3.142785 -3.601361 
82		1.060000	0	7	1.707247		1 0 0 4 2 3 0 0 1 0 0 0 0 1 2 0 3 0 0 0 5 0 2 0 7 1 1 3 0 0 1 3 0 1 0 0 0 0 0 1 0 0 1 0 0 0 4 0 6 0 	# -0.028116 -0.003976 0.003469 0.001890 0.004894 -0.020106 -0.003991 0.000895 0.187044 1.179509 
83		93.960000	8	228	52.607891		144 132 99 48 54 72 87 65 83 106 47 85 52 58 45 65 51 50 76 45 105 78 76 155 124 228 71 72 8 122 73 179 208 105 119 226 71 164 145 68 58 61 32 49 31 178 92 83 196 57 	# 11.975216 -0.479749 -0.255343 -0.131535 1.354256 0.035207 -0.584416 -0.162960 -7.140405 -7.813801 
84		626.700000	4	4470	827.778543		475 274 290 1202 858 246 3542 198 302 136 548 340 221 1883 174 4470 143 77 290 36 621 1677 136 31 487 496 922 246 252 40 797 886 622 177 1336 531 73 503 268 4 418 938 162 641 718 1576 199 486 246 141 	# 222.463017 -0.121299 -5.738535 -1.164459 -0.083693 -10.117813 -0.531470 -1.345019 14.401742 14.036657 
85		0.060000	0	1	0.239898		0 0 0 0 0 0 0 0 1 0 0 0 0 0 0 0 0 0 0 0 0 0 0 0 0 0 0 0 0 0 0 1 0 0 0 0 0 0 0 0 0 0 0 0 1 0 0 0 0 0 	# -578.167528 0.847530 8.425993 1.723217 2.784015 -21.840144 1.755405 2.070444 361.947309 363.269869 
86		0.000000	0	0	0.000000		0 0 0 0 0 0 0 0 0 0 0 0 0 0 0 0 0 0 0 0 0 0 0 0 0 0 0 0 0 0 0 0 0 0 0 0 0 0 0 0 0 0 0 0 0 0 0 0 0 0 	# 1.415845 0.027043 0.008521 -0.000043 -0.191807 -0.143478 0.028321 0.002365 1.491632 2.691294 
87		0.400000	0	4	0.857143		0 0 0 1 0 1 1 1 0 0 0 0 1 0 0 0 0 0 0 0 0 0 3 0 0 3 1 0 0 1 4 0 1 0 0 0 0 0 0 0 0 0 1 0 0 0 0 1 0 0 	# -16.347746 -0.023941 -0.109545 -0.059223 1.400991 0.237438 -0.041705 -0.069405 -3.142785 -3.601361 
88		0.840000	0	5	1.390346		4 0 3 1 0 5 1 2 0 0 0 0 2 3 0 2 0 0 2 0 0 0 0 0 4 0 1 2 1 0 0 0 0 0 0 0 2 0 0 0 0 1 0 0 5 0 0 1 0 0 	# -0.028116 -0.003976 0.003469 0.001890 0.004894 -0.020106 -0.003991 0.000895 0.187044 1.179509 
89		106.400000	37	270	51.141261		54 81 69 147 72 52 100 85 65 59 137 107 40 70 184 120 49 189 270 50 127 101 170 168 67 97 129 65 80 116 38 129 37 179 76 104 69 88 97 120 223 100 141 178 65 175 126 61 95 99 	# 11.975216 -0.479749 -0.255343 -0.131535 1.354256 0.035207 -0.584416 -0.162960 -7.140405 -7.813801 
90		592.600000	8	2259	545.192870		152 196 256 276 1381 931 142 200 150 843 661 743 53 12 1207 1469 726 513 791 1721 724 11 164 36 330 45 683 336 2259 173 1391 478 769 205 1628 797 388 165 368 1079 231 8 470 151 1887 472 312 495 160 992 	# 222.463017 -0.121299 -5.738535 -1.164459 -0.083693 -10.117813 -0.531470 -1.345019 14.401742 14.036657 
91		0.000000	0	0	0.000000		0 0 0 0 0 0 0 0 0 0 0 0 0 0 0 0 0 0 0 0 0 0 0 0 0 0 0 0 0 0 0 0 0 0 0 0 0 0 0 0 0 0 0 0 0 0 0 0 0 0 	# -578.167528 0.847530 8.425993 1.723217 2.784015 -21.840144 1.755405 2.070444 361.947309 363.269869 
92		0.060000	0	2	0.313636		0 0 0 0 0 2 0 0 0 0 0 0 0 0 0 0 0 0 0 0 0 0 0 0 0 0 0 0 0 1 0 0 0 0 0 0 0 0 0 0 0 0 0 0 0 0 0 0 0 0 	# 1.415845 0.027043 0.008521 -0.000043 -0.191807 -0.143478 0.028321 0.002365 1.491632 2.691294 
93		0.420000	0	2	0.702474		0 2 0 0 0 0 0 0 0 2 1 0 2 1 0 1 2 0 0 0 1 0 0 2 1 0 0 0 0 0 0 1 0 0 0 0 0 0 1 0 0 0 1 0 0 0 1 0 2 0 	# -16.347746 -0.023941 -0.109545 -0.059223 1.400991 0.237438 -0.041705 -0.069405 -3.142785 -3.601361 
94		1.060000	0	14	2.307132		0 0 0 0 0 0 0 0 4 0 0 0 0 0 0 0 0 0 2 0 0 0 2 0 0 0 1 0 0 2 0 0 1 1 0 0 4 1 1 0 3 4 0 3 0 2 14 3 0 5 	# -0.028116 -0.003976 0.003469 0.001890 0.004894 -0.020106 -0.003991 0.000895 0.187044 1.179509 
95		95.800000	20	199	41.602590		85 62 100 90 102 86 52 97 62 65 92 122 114 170 134 78 91 160 116 49 73 101 112 71 109 90 108 20 56 99 42 106 48 199 100 175 162 119 36 61 73 146 74 41 168 136 64 168 55 51 	# 11.975216 -0.479749 -0.255343 -0.131535 1.354256 0.035207 -0.584416 -0.162960 -7.140405 -7.813801 
96		494.340000	37	2231	468.181920		246 567 653 215 798 902 738 117 482 987 335 491 1185 450 440 157 1488 477 132 1443 310 178 535 97 619 1593 538 95 113 128 130 1309 304 335 119 308 250 185 185 37 582 129 2231 174 425 186 48 530 66 675 	# 222.463017 -0.121299 -5.738535 -1.164459 -0.083693 -10.117813 -0.531470 -1.345019 14.401742 14.036657 
97		0.020000	0	1	0.141421		0 0 0 0 0 0 0 0 0 0 0 0 0 0 0 0 0 0 0 0 0 0 0 0 0 0 0 0 0 0 0 0 0 0 0 0 0 0 0 0 0 0 0 0 1 0 0 0 0 0 	# -578.167528 0.847530 8.425993 1.723217 2.784015 -21.840144 1.755405 2.070444 361.947309 363.269869 
98		0.060000	0	2	0.313636		2 0 0 0 0 0 0 0 0 0 0 0 0 0 0 0 0 0 0 0 0 0 0 0 0 0 0 0 0 0 0 0 0 0 0 0 0 0 0 0 0 0 1 0 0 0 0 0 0 0 	# 1.415845 0.027043 0.008521 -0.000043 -0.191807 -0.143478 0.028321 0.002365 1.491632 2.691294 
99		0.340000	0	3	0.626295		0 0 0 0 0 0 0 0 0 0 0 0 0 0 0 0 0 3 0 1 0 0 0 0 0 0 1 1 0 0 0 1 1 0 0 1 1 1 0 0 1 1 1 2 0 0 1 0 0 0 	# -16.347746 -0.023941 -0.109545 -0.059223 1.400991 0.237438 -0.041705 -0.069405 -3.142785 -3.601361 
100		0.800000	0	9	1.749636		0 1 1 0 9 0 1 0 0 2 0 4 0 0 6 0 0 4 0 3 0 0 0 0 2 0 0 0 2 0 0 0 0 0 0 0 0 0 0 1 0 2 0 0 0 0 0 0 0 2 	# -0.028116 -0.003976 0.003469 0.001890 0.004894 -0.020106 -0.003991 0.000895 0.187044 1.179509 
101		80.000000	7	203	45.543431		7 64 160 81 75 135 64 159 67 66 104 30 57 192 36 43 85 108 107 47 60 74 52 131 70 202 69 41 82 37 94 203 89 27 89 38 49 78 47 58 121 58 50 74 108 18 98 68 109 19 	# 11.975216 -0.479749 -0.255343 -0.131535 1.354256 0.035207 -0.584416 -0.162960 -7.140405 -7.813801 
102		596.600000	9	3145	694.288830		337 585 603 154 1274 105 883 82 80 579 1428 303 72 21 255 357 332 1754 35 294 504 18 773 54 935 9 421 1576 68 53 142 246 1556 54 576 1858 486 683 3145 2797 332 207 473 205 1355 42 200 595 561 373 	# 222.463017 -0.121299 -5.738535 -1.164459 -0.083693 -10.117813 -0.531470 -1.345019 14.401742 14.036657 
103		0.020000	0	1	0.141421		0 0 0 0 0 0 0 0 0 0 0 0 0 0 0 0 0 0 0 0 0 0 1 0 0 0 0 0 0 0 0 0 0 0 0 0 0 0 0 0 0 0 0 0 0 0 0 0 0 0 	# -578.167528 0.847530 8.425993 1.723217 2.784015 -21.840144 1.755405 2.070444 361.947309 363.269869 
104		0.020000	0	1	0.141421		0 0 0 0 0 0 0 0 0 0 0 0 0 0 0 0 0 0 0 1 0 0 0 0 0 0 0 0 0 0 0 0 0 0 0 0 0 0 0 0 0 0 0 0 0 0 0 0 0 0 	# 1.415845 0.027043 0.008521 -0.000043 -0.191807 -0.143478 0.028321 0.002365 1.491632 2.691294 
105		0.420000	0	5	0.905539		0 0 0 2 0 0 0 0 0 0 0 1 1 0 0 0 2 1 0 1 5 0 0 2 0 0 1 0 0 0 0 1 0 0 0 0 2 0 0 1 0 0 0 1 0 0 0 0 0 0 	# -16.347746 -0.023941 -0.109545 -0.059223 1.400991 0.237438 -0.041705 -0.069405 -3.142785 -3.601361 
106		0.760000	0	9	1.709040		0 1 3 0 0 0 0 0 0 0 0 9 0 0 0 3 0 0 0 0 0 0 0 3 0 0 2 2 2 0 0 3 0 0 0 0 0 5 0 0 0 1 0 0 0 0 0 4 0 0 	# -0.028116 -0.003976 0.003469 0.001890 0.004894 -0.020106 -0.003991 0.000895 0.187044 1.179509 
107		95.280000	31	284	46.368550		86 85 107 89 45 80 67 129 138 36 137 139 91 144 145 112 45 284 31 116 88 75 32 107 37 120 51 116 108 157 60 103 72 131 40 86 103 122 65 184 84 85 40 131 40 89 127 98 38 69 	# 11.975216 -0.479749 -0.255343 -0.131535 1.354256 0.035207 -0.584416 -0.162960 -7.140405 -7.813801 
108		629.100000	16	2555	630.235824		107 24 911 896 1146 350 16 228 608 37 543 121 2047 2406 427 234 334 1300 126 108 917 442 1747 474 137 96 447 1143 403 40 1832 2555 518 660 297 737 290 587 471 169 884 204 47 200 1299 308 277 692 107 1506 	# 222.463017 -0.121299 -5.738535 -1.164459 -0.083693 -10.117813 -0.531470 -1.345019 14.401742 14.036657 
109		0.020000	0	1	0.141421		1 0 0 0 0 0 0 0 0 0 0 0 0 0 0 0 0 0 0 0 0 0 0 0 0 0 0 0 0 0 0 0 0 0 0 0 0 0 0 0 0 0 0 0 0 0 0 0 0 0 	# -578.167528 0.847530 8.425993 1.723217 2.784015 -21.840144 1.755405 2.070444 361.947309 363.269869 
110		0.020000	0	1	0.141421		0 0 0 0 0 0 0 0 0 0 0 0 0 0 0 0 0 0 0 0 0 0 0 0 0 0 0 0 0 0 0 0 0 0 0 0 0 0 0 1 0 0 0 0 0 0 0 0 0 0 	# 1.415845 0.027043 0.008521 -0.000043 -0.191807 -0.143478 0.028321 0.002365 1.491632 2.691294 
111		0.420000	0	3	0.758355		0 1 0 0 0 0 1 0 0 0 0 0 0 1 0 0 1 0 0 0 1 0 0 0 0 0 2 0 0 2 1 1 1 0 3 0 0 0 0 1 1 0 0 0 0 1 0 0 3 0 	# -16.347746 -0.023941 -0.109545 -0.059223 1.400991 0.237438 -0.041705 -0.069405 -3.142785 -3.601361 
112		1.040000	0	7	1.968735		0 0 1 0 0 0 0 0 0 0 0 6 0 0 0 0 2 0 0 0 7 0 4 0 4 0 0 0 1 0 3 2 0 5 0 0 2 5 0 0 0 0 1 0 0 0 2 0 0 7 	# -0.028116 -0.003976 0.003469 0.001890 0.004894 -0.020106 -0.003991 0.000895 0.187044 1.179509 
113		101.540000	14	328	65.193655		271 328 117 56 167 14 64 145 54 45 56 147 201 43 71 106 33 86 101 83 96 109 106 25 78 96 72 43 241 116 127 109 128 110 102 90 206 46 103 34 32 164 94 61 34 43 92 89 46 197 	# 11.975216 -0.479749 -0.255343 -0.131535 1.354256 0.035207 -0.584416 -0.162960 -7.140405 -7.813801 
114		462.380000	16	2336	453.784175		885 94 550 1076 787 153 70 645 1042 188 394 133 698 62 373 46 113 16 442 22 964 636 529 329 25 152 552 395 189 184 1030 192 2336 155 380 963 116 735 533 111 234 1383 196 1034 140 312 60 1142 150 173 	# 222.463017 -0.121299 -5.738535 -1.164459 -0.083693 -10.117813 -0.531470 -1.345019 14.401742 14.036657 
115		0.000000	0	0	0.000000		0 0 0 0 0 0 0 0 0 0 0 0 0 0 0 0 0 0 0 0 0 0 0 0 0 0 0 0 0 0 0 0 0 0 0 0 0 0 0 0 0 0 0 0 0 0 0 0 0 0 	# -578.167528 0.847530 8.425993 1.723217 2.784015 -21.840144 1.755405 2.070444 361.947309 363.269869 
116		0.060000	0	1	0.239898		1 0 0 0 0 0 0 0 0 0 0 0 0 0 0 0 0 1 0 0 0 0 0 0 0 0 0 0 0 0 0 0 0 0 0 0 0 0 0 0 0 0 0 0 0 0 0 0 1 0 	# 1.415845 0.027043 0.008521 -0.000043 -0.191807 -0.143478 0.028321 0.002365 1.491632 2.691294 
117		0.280000	0	2	0.572855		0 0 0 0 1 0 0 0 0 0 0 0 2 0 1 0 0 0 0 0 0 0 0 0 1 0 0 1 0 0 0 2 0 1 0 0 0 0 1 0 0 0 0 1 0 0 0 1 2 0 	# -16.347746 -0.023941 -0.109545 -0.059223 1.400991 0.237438 -0.041705 -0.069405 -3.142785 -3.601361 
118		0.880000	0	6	1.598979		0 1 0 0 0 0 2 1 0 1 0 0 1 0 4 6 5 0 0 1 0 0 0 0 0 1 0 0 4 0 1 0 0 2 0 2 0 0 0 1 5 0 5 1 0 0 0 0 0 0 	# -0.028116 -0.003976 0.003469 0.001890 0.004894 -0.020106 -0.003991 0.000895 0.187044 1.179509 
119		92.580000	18	222	48.968165		50 90 85 63 139 28 73 37 115 148 32 64 61 70 127 24 222 196 78 53 53 79 57 114 68 130 69 32 87 18 166 66 78 137 150 62 110 208 72 72 118 174 83 98 48 131 89 39 111 155 	# 11.975216 -0.479749 -0.255343 -0.131535 1.354256 0.035207 -0.584416 -0.162960 -7.140405 -7.813801 
120		567.160000	9	2603	580.375823		134 169 756 11 2603 827 9 172 1211 1861 118 871 619 1143 346 614 1125 288 356 37 36 84 210 478 1959 38 527 609 53 389 21 92 826 375 449 77 131 884 129 457 493 1619 265 255 421 721 1748 981 631 130 	# 222.463017 -0.121299 -5.738535 -1.164459 -0.083693 -10.117813 -0.531470 -1.345019 14.401742 14.036657 
121		0.020000	0	1	0.141421		0 0 0 0 0 0 0 0 0 0 0 0 0 0 0 0 0 0 0 0 0 0 0 0 0 1 0 0 0 0 0 0 0 0 0 0 0 0 0 0 0 0 0 0 0 0 0 0 0 0 	# -578.167528 0.847530 8.425993 1.723217 2.784015 -21.840144 1.755405 2.070444 361.947309 363.269869 
122		0.020000	0	1	0.141421		0 0 0 0 0 0 0 0 0 0 0 0 1 0 0 0 0 0 0 0 0 0 0 0 0 0 0 0 0 0 0 0 0 0 0 0 0 0 0 0 0 0 0 0 0 0 0 0 0 0 	# 1.415845 0.027043 0.008521 -0.000043 -0.191807 -0.143478 0.028321 0.002365 1.491632 2.691294 
123		0.380000	0	4	0.854520		0 0 0 0 2 0 0 0 0 0 2 0 0 1 0 3 2 0 0 0 1 0 0 0 0 0 0 0 0 4 0 0 0 0 0 0 0 0 0 0 0 0 1 0 0 1 1 0 1 0 	# -16.347746 -0.023941 -0.109545 -0.059223 1.400991 0.237438 -0.041705 -0.069405 -3.142785 -3.601361 
124		1.200000	0	8	1.884415		0 7 2 3 1 8 0 1 0 0 0 3 0 0 1 2 7 0 3 3 2 2 0 1 0 0 0 0 2 0 1 0 0 2 0 0 3 0 0 2 0 1 2 1 0 0 0 0 0 0 	# -0.028116 -0.003976 0.003469 0.001890 0.004894 -0.020106 -0.003991 0.000895 0.187044 1.179509 
125		88.580000	8	204	46.667775		204 99 100 123 8 74 80 48 118 85 107 68 106 181 161 60 41 73 54 136 137 61 71 171 127 14 51 114 84 69 126 44 64 122 94 76 109 145 33 22 75 48 85 85 62 45 49 204 15 101 	# 11.975216 -0.479749 -0.255343 -0.131535 1.354256 0.035207 -0.584416 -0.162960 -7.140405 -7.813801 
126		550.920000	18	2454	561.359059		129 362 221 353 544 533 489 1062 635 444 292 881 197 342 2181 18 450 81 313 37 258 31 706 108 1225 396 453 949 62 1151 182 327 509 280 1773 366 1838 1448 119 79 269 116 211 676 617 250 2454 57 776 296 	# 222.463017 -0.121299 -5.738535 -1.164459 -0.083693 -10.117813 -0.531470 -1.345019 14.401742 14.036657 
127		0.040000	0	1	0.197949		0 0 0 0 0 0 0 0 0 0 0 0 0 0 0 0 0 0 0 0 0 0 0 0 0 0 0 0 0 1 0 0 0 0 0 1 0 0 0 0 0 0 0 0 0 0 0 0 0 0 	# -578.167528 0.847530 8.425993 1.723217 2.784015 -21.840144 1.755405 2.070444 361.947309 363.269869 
128		0.040000	0	1	0.197949		1 0 0 0 0 0 0 0 0 0 0 0 0 0 0 0 0 0 0 0 0 0 0 0 0 0 0 0 0 0 0 0 0 0 0 0 0 0 0 0 0 0 0 0 0 1 0 0 0 0 	# 1.415845 0.027043 0.008521 -0.000043 -0.191807 -0.143478 0.028321 0.002365 1.491632 2.691294 
129		0.260000	0	3	0.632778		1 0 0 0 0 0 0 1 0 0 0 0 0 0 0 0 0 0 1 1 0 0 1 2 0 0 0 0 0 0 0 0 0 0 0 2 0 0 0 0 0 3 0 0 0 0 0 1 0 0 	# -16.347746 -0.023941 -0.109545 -0.059223 1.400991 0.237438 -0.041705 -0.069405 -3.142785 -3.601361 
130		0.900000	0	5	1.501700		3 0 0 1 0 5 1 0 0 3 0 0 0 3 5 0 0 0 0 0 0 3 4 4 0 1 0 0 0 0 0 0 0 2 0 0 4 0 0 0 0 0 0 0 2 2 1 1 0 0 	# -0.028116 -0.003976 0.003469 0.001890 0.004894 -0.020106 -0.003991 0.000895 0.187044 1.179509 
131		78.980000	6	197	43.688363		6 50 31 148 98 19 41 53 60 26 30 35 95 48 87 129 103 155 85 97 197 58 86 96 127 108 126 51 151 97 136 59 120 45 84 84 54 42 88 147 60 76 31 20 50 25 81 54 151 49 	# 11.975216 -0.479749 -0.255343 -0.131535 1.354256 0.035207 -0.584416 -0.162960 -7.140405 -7.813801 
132		570.020000	9	2634	571.303754		9 362 199 650 275 150 76 385 2104 104 470 1403 1475 147 1617 153 58 484 76 465 78 883 396 352 350 612 564 346 504 1231 657 2634 300 61 632 549 61 117 1103 1399 823 73 1431 204 429 387 55 281 1036 291 	# 222.463017 -0.121299 -5.738535 -1.164459 -0.083693 -10.117813 -0.531470 -1.345019 14.401742 14.036657 
133		0.060000	0	2	0.313636		0 0 0 0 0 0 0 0 0 0 0 0 0 0 1 0 0 0 0 0 0 0 0 0 0 0 0 0 0 0 0 0 0 0 0 0 0 0 0 0 0 0 0 0 0 2 0 0 0 0 	# -578.167528 0.847530 8.425993 1.723217 2.784015 -21.840144 1.755405 2.070444 361.947309 363.269869 
134		0.060000	0	1	0.239898		0 0 0 1 1 0 0 0 0 0 0 0 0 0 0 0 0 0 0 0 0 0 0 0 0 0 0 0 0 0 0 0 0 0 0 0 0 0 0 0 0 0 0 1 0 0 0 0 0 0 	# 1.415845 0.027043 0.008521 -0.000043 -0.191807 -0.143478 0.028321 0.002365 1.491632 2.691294 
135		0.380000	0	4	0.854520		0 2 0 0 0 1 0 0 0 0 0 0 0 0 0 0 0 0 0 0 0 0 0 3 1 0 4 0 0 0 0 0 0 2 0 2 1 1 0 0 0 0 0 1 0 0 0 1 0 0 	# -16.347746 -0.023941 -0.109545 -0.059223 1.400991 0.237438 -0.041705 -0.069405 -3.142785 -3.601361 
136		0.860000	0	13	2.312433		0 0 0 0 0 0 1 0 2 3 0 0 0 0 0 0 0 0 0 1 0 0 0 5 0 0 0 2 0 2 8 0 1 0 0 0 0 0 1 0 13 0 0 0 0 0 0 0 0 4 	# -0.028116 -0.003976 0.003469 0.001890 0.004894 -0.020106 -0.003991 0.000895 0.187044 1.179509 
137		85.020000	5	252	53.198700		56 77 140 85 42 35 73 86 76 19 75 77 37 89 229 36 53 91 35 34 139 49 147 54 84 39 252 65 72 145 69 27 121 116 61 113 128 113 150 40 84 52 98 45 169 51 5 57 209 52 	# 11.975216 -0.479749 -0.255343 -0.131535 1.354256 0.035207 -0.584416 -0.162960 -7.140405 -7.813801 
138		659.380000	30	1904	540.368011		44 84 138 807 72 1658 560 142 346 116 175 401 1297 1831 808 650 510 1284 30 1816 362 488 134 80 81 250 349 684 1013 1688 860 968 823 605 823 296 131 1011 1541 651 546 916 84 615 1504 381 1904 142 688 582 	# 222.463017 -0.121299 -5.738535 -1.164459 -0.083693 -10.117813 -0.531470 -1.345019 14.401742 14.036657 
139		0.020000	0	1	0.141421		0 0 0 0 0 0 0 0 0 0 0 0 0 0 1 0 0 0 0 0 0 0 0 0 0 0 0 0 0 0 0 0 0 0 0 0 0 0 0 0 0 0 0 0 0 0 0 0 0 0 	# -578.167528 0.847530 8.425993 1.723217 2.784015 -21.840144 1.755405 2.070444 361.947309 363.269869 
140		0.040000	0	1	0.197949		0 0 0 0 0 0 0 0 0 0 0 0 0 0 0 0 0 1 0 0 0 0 0 0 0 0 0 0 0 0 0 0 0 0 0 0 0 0 0 0 0 0 0 0 0 1 0 0 0 0 	# 1.415845 0.027043 0.008521 -0.000043 -0.191807 -0.143478 0.028321 0.002365 1.491632 2.691294 
141		0.500000	0	3	0.788954		0 1 0 0 0 0 1 0 0 0 1 0 1 2 1 0 0 0 1 1 3 1 0 0 0 2 1 0 0 1 0 1 0 0 0 0 0 0 0 0 0 3 0 1 1 0 2 0 0 0 	# -16.347746 -0.023941 -0.109545 -0.059223 1.400991 0.237438 -0.041705 -0.069405 -3.142785 -3.601361 
142		1.460000	0	11	2.314198		7 4 1 0 0 0 2 0 1 0 0 0 1 3 11 3 1 1 0 0 2 9 4 1 0 0 0 0 0 0 2 2 1 2 1 1 2 0 0 0 0 3 0 0 0 1 0 0 3 4 	# -0.028116 -0.003976 0.003469 0.001890 0.004894 -0.020106 -0.003991 0.000895 0.187044 1.179509 
143		90.520000	17	318	58.487829		92 76 72 32 46 37 122 40 35 50 105 111 65 28 87 76 115 57 35 44 187 80 67 157 110 62 17 63 77 46 105 152 63 75 170 50 318 28 115 142 34 137 214 37 91 179 65 189 104 67 	# 11.975216 -0.479749 -0.255343 -0.131535 1.354256 0.035207 -0.584416 -0.162960 -7.140405 -7.813801 
144		654.060000	32	3922	738.757794		267 802 116 808 49 917 915 60 966 646 78 196 106 209 97 1297 271 270 881 697 32 2358 35 299 501 238 1125 1365 735 148 202 1042 1418 1498 564 1338 576 141 69 447 123 2495 728 94 127 535 286 516 98 3922 	# 222.463017 -0.121299 -5.738535 -1.164459 -0.083693 -10.117813 -0.531470 -1.345019 14.401742 14.036657 
145		0.040000	0	1	0.197949		0 0 0 0 0 0 0 0 0 0 0 0 0 0 0 0 0 0 0 0 0 0 0 0 0 0 0 0 0 1 0 0 0 0 0 0 0 0 0 0 0 0 1 0 0 0 0 0 0 0 	# -578.167528 0.847530 8.425993 1.723217 2.784015 -21.840144 1.755405 2.070444 361.947309 363.269869 
146		0.020000	0	1	0.141421		0 0 0 0 0 0 0 1 0 0 0 0 0 0 0 0 0 0 0 0 0 0 0 0 0 0 0 0 0 0 0 0 0 0 0 0 0 0 0 0 0 0 0 0 0 0 0 0 0 0 	# 1.415845 0.027043 0.008521 -0.000043 -0.191807 -0.143478 0.028321 0.002365 1.491632 2.691294 
147		0.580000	0	3	0.835195		1 0 0 0 1 1 1 2 1 0 0 1 0 3 0 1 0 0 0 0 1 0 1 0 1 0 0 0 0 0 0 0 0 0 3 1 1 3 0 1 0 0 0 0 2 1 1 1 0 0 	# -16.347746 -0.023941 -0.109545 -0.059223 1.400991 0.237438 -0.041705 -0.069405 -3.142785 -3.601361 
148		1.040000	0	11	1.883982		3 0 0 0 3 0 11 0 0 0 0 0 2 0 0 3 0 0 0 3 2 3 0 2 1 0 0 0 0 2 0 0 3 0 1 0 0 0 0 2 0 1 0 0 1 0 0 4 3 2 	# -0.028116 -0.003976 0.003469 0.001890 0.004894 -0.020106 -0.003991 0.000895 0.187044 1.179509 
149		84.060000	12	209	46.041423		44 85 141 50 81 50 114 170 40 61 173 145 121 64 15 67 182 31 124 23 37 76 107 12 54 58 125 53 50 97 103 74 171 62 82 50 59 54 125 80 107 98 209 50 31 124 58 78 80 58 	# 11.975216 -0.479749 -0.255343 -0.131535 1.354256 0.035207 -0.584416 -0.162960 -7.140405 -7.813801 
150		486.360000	0	1725	431.885036		642 1049 539 1294 698 43 76 877 1083 1379 22 18 1459 1725 360 325 763 203 453 329 1116 102 275 95 479 1043 86 158 405 150 664 655 867 645 409 200 134 32 233 681 734 231 44 82 597 0 364 9 295 196 	# 222.463017 -0.121299 -5.738535 -1.164459 -0.083693 -10.117813 -0.531470 -1.345019 14.401742 14.036657 
151		0.020000	0	1	0.141421		0 0 0 0 0 0 0 0 0 0 0 0 0 0 0 0 0 0 0 0 0 0 1 0 0 0 0 0 0 0 0 0 0 0 0 0 0 0 0 0 0 0 0 0 0 0 0 0 0 0 	# -578.167528 0.847530 8.425993 1.723217 2.784015 -21.840144 1.755405 2.070444 361.947309 363.269869 
152		0.000000	0	0	0.000000		0 0 0 0 0 0 0 0 0 0 0 0 0 0 0 0 0 0 0 0 0 0 0 0 0 0 0 0 0 0 0 0 0 0 0 0 0 0 0 0 0 0 0 0 0 0 0 0 0 0 	# 1.415845 0.027043 0.008521 -0.000043 -0.191807 -0.143478 0.028321 0.002365 1.491632 2.691294 
153		0.160000	0	2	0.421852		0 0 0 0 0 0 0 0 0 0 0 0 0 1 0 0 1 0 0 0 0 0 0 0 0 0 0 0 2 1 0 0 0 1 0 0 0 0 0 0 0 0 0 0 0 1 1 0 0 0 	# -16.347746 -0.023941 -0.109545 -0.059223 1.400991 0.237438 -0.041705 -0.069405 -3.142785 -3.601361 
154		1.580000	0	8	1.980414		2 1 0 0 0 0 0 4 3 1 3 4 0 0 0 4 2 1 1 1 1 0 3 0 0 5 0 0 3 0 2 1 5 7 0 2 0 8 0 2 3 1 0 0 1 0 4 4 0 0 	# -0.028116 -0.003976 0.003469 0.001890 0.004894 -0.020106 -0.003991 0.000895 0.187044 1.179509 
155		75.220000	21	257	41.267317		99 72 31 55 62 86 96 196 110 56 77 89 51 98 21 257 53 81 75 85 59 54 48 47 72 50 45 91 71 58 57 86 21 86 29 107 131 55 77 96 55 56 47 160 61 58 53 46 66 69 	# 11.975216 -0.479749 -0.255343 -0.131535 1.354256 0.035207 -0.584416 -0.162960 -7.140405 -7.813801 
156		680.220000	11	3425	762.137201		233 869 211 663 11 269 582 2031 2841 347 3425 1111 63 588 1183 569 1048 107 73 67 823 906 1465 389 205 426 630 259 195 572 961 242 45 247 383 67 546 806 1659 138 779 512 24 192 117 1984 88 2562 475 23 	# 222.463017 -0.121299 -5.738535 -1.164459 -0.083693 -10.117813 -0.531470 -1.345019 14.401742 14.036657 
157		0.020000	0	1	0.141421		1 0 0 0 0 0 0 0 0 0 0 0 0 0 0 0 0 0 0 0 0 0 0 0 0 0 0 0 0 0 0 0 0 0 0 0 0 0 0 0 0 0 0 0 0 0 0 0 0 0 	# -578.167528 0.847530 8.425993 1.723217 2.784015 -21.840144 1.755405 2.070444 361.947309 363.269869 
158		0.060000	0	2	0.313636		0 0 0 0 0 0 0 0 0 0 0 1 2 0 0 0 0 0 0 0 0 0 0 0 0 0 0 0 0 0 0 0 0 0 0 0 0 0 0 0 0 0 0 0 0 0 0 0 0 0 	# 1.415845 0.027043 0.008521 -0.000043 -0.191807 -0.143478 0.028321 0.002365 1.491632 2.691294 
159		0.480000	0	4	0.908913		1 2 0 0 0 1 0 2 0 0 0 0 0 0 0 0 1 0 1 0 0 0 0 0 0 0 0 0 2 0 0 0 0 2 0 0 1 3 0 0 0 1 0 0 4 0 0 0 1 2 	# -16.347746 -0.023941 -0.109545 -0.059223 1.400991 0.237438 -0.041705 -0.069405 -3.142785 -3.601361 
160		1.060000	0	6	1.583203		3 0 3 5 6 1 0 3 0 0 0 0 0 2 2 5 0 1 0 0 4 0 0 0 0 0 3 0 0 0 1 0 1 0 2 1 1 0 0 0 1 1 0 0 0 2 1 4 0 0 	# -0.028116 -0.003976 0.003469 0.001890 0.004894 -0.020106 -0.003991 0.000895 0.187044 1.179509 
161		90.820000	17	323	59.223096		45 104 78 154 139 203 159 130 99 51 323 65 95 49 81 244 24 33 17 78 44 121 51 86 71 38 120 59 210 89 69 60 133 83 87 50 38 73 89 106 67 29 73 56 40 28 122 142 72 64 	# 11.975216 -0.479749 -0.255343 -0.131535 1.354256 0.035207 -0.584416 -0.162960 -7.140405 -7.813801 
162		493.220000	6	2453	495.603170		54 1595 51 860 404 206 54 136 282 1546 317 6 474 1722 1062 201 60 253 218 319 438 44 65 609 324 992 76 344 734 490 684 126 51 329 634 2453 293 21 384 519 695 675 195 560 200 492 168 1088 628 530 	# 222.463017 -0.121299 -5.738535 -1.164459 -0.083693 -10.117813 -0.531470 -1.345019 14.401742 14.036657 
163		0.020000	0	1	0.141421		0 0 0 0 0 0 0 0 0 0 0 0 0 0 0 0 0 0 1 0 0 0 0 0 0 0 0 0 0 0 0 0 0 0 0 0 0 0 0 0 0 0 0 0 0 0 0 0 0 0 	# -578.167528 0.847530 8.425993 1.723217 2.784015 -21.840144 1.755405 2.070444 361.947309 363.269869 
164		0.020000	0	1	0.141421		0 0 0 0 0 0 0 0 0 0 0 0 0 0 0 0 0 0 1 0 0 0 0 0 0 0 0 0 0 0 0 0 0 0 0 0 0 0 0 0 0 0 0 0 0 0 0 0 0 0 	# 1.415845 0.027043 0.008521 -0.000043 -0.191807 -0.143478 0.028321 0.002365 1.491632 2.691294 
165		0.360000	0	2	0.662709		0 2 1 0 1 0 0 2 0 0 1 1 0 1 0 1 0 0 0 0 0 0 0 0 0 0 0 0 0 1 0 2 0 0 0 0 1 2 0 0 0 0 2 0 0 0 0 0 0 0 	# -16.347746 -0.023941 -0.109545 -0.059223 1.400991 0.237438 -0.041705 -0.069405 -3.142785 -3.601361 
166		1.520000	0	11	2.509086		6 3 7 0 0 4 6 3 0 6 0 0 0 0 11 0 0 3 1 0 0 1 0 0 0 0 3 2 7 0 1 0 1 1 0 1 0 0 0 0 0 5 1 0 3 0 0 0 0 0 	# -0.028116 -0.003976 0.003469 0.001890 0.004894 -0.020106 -0.003991 0.000895 0.187044 1.179509 
167		90.520000	19	271	55.907445		145 112 66 83 84 86 32 146 80 203 36 84 90 94 68 53 19 220 271 56 68 167 86 94 177 127 176 116 54 157 171 28 67 48 30 63 54 66 55 69 38 57 31 33 70 45 133 55 120 43 	# 11.975216 -0.479749 -0.255343 -0.131535 1.354256 0.035207 -0.584416 -0.162960 -7.140405 -7.813801 
168		589.280000	44	3729	663.481665		836 1000 299 1634 132 457 933 73 628 179 285 44 1327 141 363 245 580 123 2501 389 140 1060 376 702 199 49 93 363 633 1158 157 516 111 287 576 397 1132 3729 243 560 102 1087 280 347 508 234 260 52 564 1380 	# 222.463017 -0.121299 -5.738535 -1.164459 -0.083693 -10.117813 -0.531470 -1.345019 14.401742 14.036657 
169		0.060000	0	1	0.239898		0 0 0 0 0 0 0 0 0 0 0 0 0 0 0 0 0 0 0 0 0 0 0 0 0 0 0 0 1 0 0 0 0 0 0 0 1 0 0 0 1 0 0 0 0 0 0 0 0 0 	# -578.167528 0.847530 8.425993 1.723217 2.784015 -21.840144 1.755405 2.070444 361.947309 363.269869 
170		0.060000	0	1	0.239898		0 0 0 0 0 0 0 0 0 1 0 0 0 0 0 0 0 0 0 0 0 1 1 0 0 0 0 0 0 0 0 0 0 0 0 0 0 0 0 0 0 0 0 0 0 0 0 0 0 0 	# 1.415845 0.027043 0.008521 -0.000043 -0.191807 -0.143478 0.028321 0.002365 1.491632 2.691294 
171		0.540000	0	5	0.908239		0 1 0 0 1 0 0 1 0 0 0 0 0 0 0 0 0 0 0 0 5 1 0 1 0 1 0 0 2 0 1 1 2 0 1 0 0 1 2 0 1 0 0 1 1 1 0 0 2 0 	# -16.347746 -0.023941 -0.109545 -0.059223 1.400991 0.237438 -0.041705 -0.069405 -3.142785 -3.601361 
172		1.080000	0	6	1.651715		0 0 2 0 0 3 0 0 0 4 0 6 5 2 0 0 3 0 5 1 0 2 5 0 1 0 2 2 0 2 0 1 0 0 0 0 0 3 0 0 1 0 3 0 0 0 0 0 0 1 	# -0.028116 -0.003976 0.003469 0.001890 0.004894 -0.020106 -0.003991 0.000895 0.187044 1.179509 
173		94.000000	19	203	51.541939		52 142 176 164 72 203 62 133 99 173 54 178 77 176 22 63 100 131 158 37 67 51 76 59 156 173 98 65 33 87 25 52 140 73 19 96 98 79 56 84 43 170 102 177 101 46 21 49 46 86 	# 11.975216 -0.479749 -0.255343 -0.131535 1.354256 0.035207 -0.584416 -0.162960 -7.140405 -7.813801 
174		512.980000	3	2225	504.091767		271 1052 553 110 2225 280 71 1476 224 19 1233 21 126 35 712 632 626 310 668 88 772 449 199 789 154 633 1514 42 627 468 46 24 749 77 470 342 559 528 605 3 343 266 833 30 97 113 331 898 923 2033 	# 222.463017 -0.121299 -5.738535 -1.164459 -0.083693 -10.117813 -0.531470 -1.345019 14.401742 14.036657 
175		0.020000	0	1	0.141421		0 0 0 0 0 0 1 0 0 0 0 0 0 0 0 0 0 0 0 0 0 0 0 0 0 0 0 0 0 0 0 0 0 0 0 0 0 0 0 0 0 0 0 0 0 0 0 0 0 0 	# -578.167528 0.847530 8.425993 1.723217 2.784015 -21.840144 1.755405 2.070444 361.947309 363.269869 
176		0.120000	0	1	0.328261		0 0 0 0 0 0 0 0 0 0 0 0 0 0 0 0 0 0 0 0 1 0 0 0 0 0 1 0 0 0 0 0 0 0 0 0 0 0 1 0 0 0 0 1 0 0 1 1 0 0 	# 1.415845 0.027043 0.008521 -0.000043 -0.191807 -0.143478 0.028321 0.002365 1.491632 2.691294 
177		0.400000	0	3	0.808122		0 3 1 2 0 0 0 0 0 0 0 1 0 0 1 0 0 0 0 0 1 0 1 0 3 1 0 0 0 0 0 0 1 0 0 0 0 3 0 0 1 0 0 0 0 0 0 0 0 1 	# -16.347746 -0.023941 -0.109545 -0.059223 1.400991 0.237438 -0.041705 -0.069405 -3.142785 -3.601361 
178		1.260000	0	11	2.107421		2 0 1 0 6 2 0 1 6 0 0 1 1 0 11 0 0 0 3 0 3 0 0 2 0 3 1 0 0 0 0 0 1 0 2 1 1 0 0 0 4 2 0 0 0 2 2 5 0 0 	# -0.028116 -0.003976 0.003469 0.001890 0.004894 -0.020106 -0.003991 0.000895 0.187044 1.179509 
179		98.660000	9	280	57.545939		58 187 108 86 221 69 134 40 43 209 41 53 65 280 42 119 194 186 94 116 59 105 76 89 164 51 49 43 110 96 48 87 85 76 110 101 83 114 186 136 9 14 87 171 62 52 50 96 54 125 	# 11.975216 -0.479749 -0.255343 -0.131535 1.354256 0.035207 -0.584416 -0.162960 -7.140405 -7.813801 
180		431.380000	21	1882	400.210704		56 305 1060 647 183 143 1882 526 446 177 667 272 939 140 171 269 382 217 175 1045 571 63 62 125 160 275 213 32 301 903 202 445 55 212 340 1050 159 451 996 81 1009 124 430 810 480 437 201 1432 227 21 	# 222.463017 -0.121299 -5.738535 -1.164459 -0.083693 -10.117813 -0.531470 -1.345019 14.401742 14.036657 
181		0.020000	0	1	0.141421		0 0 0 0 0 0 0 0 0 0 0 0 0 0 0 0 0 1 0 0 0 0 0 0 0 0 0 0 0 0 0 0 0 0 0 0 0 0 0 0 0 0 0 0 0 0 0 0 0 0 	# -578.167528 0.847530 8.425993 1.723217 2.784015 -21.840144 1.755405 2.070444 361.947309 363.269869 
182		0.000000	0	0	0.000000		0 0 0 0 0 0 0 0 0 0 0 0 0 0 0 0 0 0 0 0 0 0 0 0 0 0 0 0 0 0 0 0 0 0 0 0 0 0 0 0 0 0 0 0 0 0 0 0 0 0 	# 1.415845 0.027043 0.008521 -0.000043 -0.191807 -0.143478 0.028321 0.002365 1.491632 2.691294 
183		0.320000	0	3	0.620730		0 0 0 1 0 0 1 0 1 0 1 0 1 0 0 0 1 0 2 1 0 0 1 0 1 0 0 1 0 0 0 0 0 0 0 3 0 0 1 0 0 0 0 0 0 0 0 0 0 0 	# -16.347746 -0.023941 -0.109545 -0.059223 1.400991 0.237438 -0.041705 -0.069405 -3.142785 -3.601361 
184		0.760000	0	10	1.610679		0 0 0 3 3 0 0 1 0 2 1 0 2 0 2 0 0 2 1 0 0 0 10 0 1 0 0 0 1 1 0 2 0 0 0 1 1 0 0 0 0 0 0 3 0 1 0 0 0 0 	# -0.028116 -0.003976 0.003469 0.001890 0.004894 -0.020106 -0.003991 0.000895 0.187044 1.179509 
185		83.380000	19	209	44.978857		48 79 142 95 53 72 127 159 45 101 66 106 124 61 57 147 65 35 56 65 19 166 209 137 50 74 40 87 122 33 135 158 117 132 26 39 101 102 70 29 47 55 72 108 38 57 30 32 133 48 	# 11.975216 -0.479749 -0.255343 -0.131535 1.354256 0.035207 -0.584416 -0.162960 -7.140405 -7.813801 
186		594.460000	50	2403	520.838735		134 76 889 366 1382 450 591 379 50 408 136 202 980 710 409 1293 1686 413 448 409 508 221 569 2403 263 292 975 74 212 498 506 314 619 179 681 71 171 1043 750 1148 410 283 423 880 1808 174 1913 247 335 342 	# 222.463017 -0.121299 -5.738535 -1.164459 -0.083693 -10.117813 -0.531470 -1.345019 14.401742 14.036657 
187		0.040000	0	1	0.197949		0 0 0 0 0 0 0 0 1 0 0 0 0 0 0 0 0 0 0 0 0 0 0 0 0 0 0 0 0 0 0 0 0 0 0 0 0 1 0 0 0 0 0 0 0 0 0 0 0 0 	# -578.167528 0.847530 8.425993 1.723217 2.784015 -21.840144 1.755405 2.070444 361.947309 363.269869 
188		0.020000	0	1	0.141421		0 0 0 0 0 0 1 0 0 0 0 0 0 0 0 0 0 0 0 0 0 0 0 0 0 0 0 0 0 0 0 0 0 0 0 0 0 0 0 0 0 0 0 0 0 0 0 0 0 0 	# 1.415845 0.027043 0.008521 -0.000043 -0.191807 -0.143478 0.028321 0.002365 1.491632 2.691294 
189		0.340000	0	3	0.772222		1 0 0 2 0 0 1 0 0 0 0 0 0 3 0 3 0 0 2 0 0 0 0 0 0 1 0 0 0 0 0 0 0 0 1 0 0 1 0 0 0 0 0 0 0 0 0 2 0 0 	# -16.347746 -0.023941 -0.109545 -0.059223 1.400991 0.237438 -0.041705 -0.069405 -3.142785 -3.601361 
190		0.880000	0	9	1.912793		1 0 0 2 0 0 0 1 0 0 3 0 0 1 0 0 0 2 0 0 1 0 2 9 0 0 0 0 0 0 1 0 0 0 2 0 0 0 3 3 0 0 0 0 0 2 2 0 9 0 	# -0.028116 -0.003976 0.003469 0.001890 0.004894 -0.020106 -0.003991 0.000895 0.187044 1.179509 
191		96.300000	34	286	48.016260		151 84 203 64 48 112 107 182 54 106 79 133 71 98 132 115 134 138 154 49 76 286 38 82 73 108 114 163 55 61 34 35 68 86 66 58 78 71 68 113 87 141 93 117 88 45 107 50 34 106 	# 11.975216 -0.479749 -0.255343 -0.131535 1.354256 0.035207 -0.584416 -0.162960 -7.140405 -7.813801 
192		576.540000	5	2080	511.197203		844 313 1625 823 442 18 184 405 5 510 1082 1109 604 699 303 66 1819 1174 258 358 1134 822 75 81 197 60 84 571 671 1131 159 400 1386 366 787 61 229 646 527 683 146 207 614 372 119 425 2080 284 120 1749 	# 222.463017 -0.121299 -5.738535 -1.164459 -0.083693 -10.117813 -0.531470 -1.345019 14.401742 14.036657 
193		0.000000	0	0	0.000000		0 0 0 0 0 0 0 0 0 0 0 0 0 0 0 0 0 0 0 0 0 0 0 0 0 0 0 0 0 0 0 0 0 0 0 0 0 0 0 0 0 0 0 0 0 0 0 0 0 0 	# -578.167528 0.847530 8.425993 1.723217 2.784015 -21.840144 1.755405 2.070444 361.947309 363.269869 
194		0.040000	0	1	0.197949		0 0 0 0 0 0 0 0 1 0 0 0 0 0 0 0 0 0 0 0 0 0 0 0 0 0 0 0 0 0 0 0 0 0 1 0 0 0 0 0 0 0 0 0 0 0 0 0 0 0 	# 1.415845 0.027043 0.008521 -0.000043 -0.191807 -0.143478 0.028321 0.002365 1.491632 2.691294 
195		0.440000	0	3	0.760236		1 0 1 0 0 0 0 2 0 0 0 0 2 2 0 0 0 1 1 1 0 1 0 0 0 2 0 0 0 0 3 0 0 0 0 1 0 0 0 0 0 0 1 0 1 2 0 0 0 0 	# -16.347746 -0.023941 -0.109545 -0.059223 1.400991 0.237438 -0.041705 -0.069405 -3.142785 -3.601361 
196		0.980000	0	8	1.659727		0 1 0 2 3 1 0 0 0 0 0 0 7 0 1 0 1 1 0 0 0 2 1 0 1 0 2 0 0 2 0 2 3 0 0 2 0 0 0 0 0 3 3 0 0 1 1 1 8 0 	# -0.028116 -0.003976 0.003469 0.001890 0.004894 -0.020106 -0.003991 0.000895 0.187044 1.179509 
197		80.480000	11	240	43.286063		67 63 93 80 103 118 116 105 42 110 72 61 73 70 118 28 153 151 18 67 11 55 40 49 18 117 50 240 18 73 74 115 90 53 91 187 59 109 53 92 55 62 63 34 131 61 86 84 76 70 	# 11.975216 -0.479749 -0.255343 -0.131535 1.354256 0.035207 -0.584416 -0.162960 -7.140405 -7.813801 
198		472.640000	12	1467	356.364280		530 1467 566 379 74 280 943 120 617 838 160 307 265 118 1127 91 65 322 12 227 381 226 676 140 362 103 446 1125 329 179 910 613 191 42 208 988 423 674 576 398 750 477 572 57 951 377 1207 362 1058 323 	# 222.463017 -0.121299 -5.738535 -1.164459 -0.083693 -10.117813 -0.531470 -1.345019 14.401742 14.036657 
199		0.080000	0	1	0.274048		0 0 0 0 1 0 0 0 0 0 1 0 0 1 0 0 0 0 0 0 0 0 0 0 0 0 0 0 0 0 0 0 0 0 0 0 0 0 0 0 0 0 0 0 1 0 0 0 0 0 	# -578.167528 0.847530 8.425993 1.723217 2.784015 -21.840144 1.755405 2.070444 361.947309 363.269869 
200		0.120000	0	2	0.435187		0 0 0 0 0 0 0 0 0 0 0 0 0 0 0 0 0 2 0 0 0 0 0 0 1 0 0 0 0 0 0 0 0 0 0 0 0 0 2 0 1 0 0 0 0 0 0 0 0 0 	# 1.415845 0.027043 0.008521 -0.000043 -0.191807 -0.143478 0.028321 0.002365 1.491632 2.691294 
201		0.400000	0	3	0.699854		0 0 0 2 1 0 1 0 1 2 0 0 0 0 0 0 1 0 0 0 1 1 0 2 0 0 0 1 0 0 0 0 0 0 0 1 0 0 3 0 1 0 1 0 0 0 1 0 0 0 	# -16.347746 -0.023941 -0.109545 -0.059223 1.400991 0.237438 -0.041705 -0.069405 -3.142785 -3.601361 
202		0.940000	0	8	1.621413		1 0 4 0 0 0 1 0 0 0 0 1 0 0 0 0 0 0 1 2 0 2 0 4 0 2 1 4 1 2 0 0 0 0 0 0 0 0 8 2 4 1 1 1 0 4 0 0 0 0 	# -0.028116 -0.003976 0.003469 0.001890 0.004894 -0.020106 -0.003991 0.000895 0.187044 1.179509 
203		78.140000	18	246	50.327503		39 63 63 28 77 123 177 40 130 61 48 65 27 170 137 49 67 118 46 29 23 58 246 44 82 56 34 18 73 75 42 50 86 28 53 100 40 63 63 123 76 57 42 70 159 84 214 155 78 58 	# 11.975216 -0.479749 -0.255343 -0.131535 1.354256 0.035207 -0.584416 -0.162960 -7.140405 -7.813801 
204		678.500000	18	2670	582.860093		139 199 340 283 346 183 2670 1567 1414 780 205 148 1112 376 395 67 796 259 392 492 1842 1068 18 493 376 1073 1930 245 147 461 865 645 1536 1504 1627 271 556 82 801 182 854 354 1224 108 461 399 249 571 907 913 	# 222.463017 -0.121299 -5.738535 -1.164459 -0.083693 -10.117813 -0.531470 -1.345019 14.401742 14.036657 
205		0.020000	0	1	0.141421		0 0 0 0 0 1 0 0 0 0 0 0 0 0 0 0 0 0 0 0 0 0 0 0 0 0 0 0 0 0 0 0 0 0 0 0 0 0 0 0 0 0 0 0 0 0 0 0 0 0 	# -578.167528 0.847530 8.425993 1.723217 2.784015 -21.840144 1.755405 2.070444 361.947309 363.269869 
206		0.020000	0	1	0.141421		0 0 0 0 0 0 0 0 0 0 0 0 0 0 0 0 0 0 0 1 0 0 0 0 0 0 0 0 0 0 0 0 0 0 0 0 0 0 0 0 0 0 0 0 0 0 0 0 0 0 	# 1.415845 0.027043 0.008521 -0.000043 -0.191807 -0.143478 0.028321 0.002365 1.491632 2.691294 
207		0.200000	0	2	0.451754		0 0 1 0 0 0 0 0 0 1 0 0 0 0 0 1 0 0 0 0 0 0 0 0 0 0 0 0 0 1 0 0 1 2 0 1 0 0 0 0 0 0 0 1 0 0 1 0 0 0 	# -16.347746 -0.023941 -0.109545 -0.059223 1.400991 0.237438 -0.041705 -0.069405 -3.142785 -3.601361 
208		0.880000	0	11	1.955004		0 0 2 1 0 1 0 1 0 1 1 2 3 0 0 0 1 0 0 1 0 0 0 0 0 0 1 0 0 0 0 0 1 0 1 0 1 0 0 1 1 0 11 1 0 5 0 7 0 0 	# -0.028116 -0.003976 0.003469 0.001890 0.004894 -0.020106 -0.003991 0.000895 0.187044 1.179509 
209		89.220000	6	248	52.776885		130 35 27 112 139 30 45 128 37 57 62 67 118 53 130 159 64 83 64 129 57 88 52 18 117 32 95 96 100 248 76 70 144 57 54 97 116 66 48 53 87 73 75 171 242 77 190 151 6 36 	# 11.975216 -0.479749 -0.255343 -0.131535 1.354256 0.035207 -0.584416 -0.162960 -7.140405 -7.813801 
210		658.520000	21	3099	699.800387		21 42 1354 347 537 2505 1864 490 26 353 1361 1245 357 29 142 149 3099 239 719 1825 58 243 56 51 466 2034 903 306 71 87 41 94 1114 351 535 1346 525 192 469 1134 632 1699 239 792 343 708 431 521 745 36 	# 222.463017 -0.121299 -5.738535 -1.164459 -0.083693 -10.117813 -0.531470 -1.345019 14.401742 14.036657 
211		0.100000	0	2	0.364216		0 0 0 1 0 2 0 0 0 0 0 0 0 1 0 0 0 0 0 0 0 0 0 0 0 0 0 0 0 0 0 0 0 1 0 0 0 0 0 0 0 0 0 0 0 0 0 0 0 0 	# -578.167528 0.847530 8.425993 1.723217 2.784015 -21.840144 1.755405 2.070444 361.947309 363.269869 
212		0.060000	0	1	0.239898		0 0 0 0 0 0 0 0 0 0 0 0 1 0 0 0 0 0 0 0 0 0 0 0 0 0 0 0 0 0 0 0 0 0 0 0 0 0 0 1 1 0 0 0 0 0 0 0 0 0 	# 1.415845 0.027043 0.008521 -0.000043 -0.191807 -0.143478 0.028321 0.002365 1.491632 2.691294 
213		0.460000	0	3	0.838122		0 0 0 3 2 1 0 1 0 1 1 0 0 0 0 1 0 0 1 0 0 1 1 0 2 0 0 0 0 0 0 0 0 1 0 0 3 0 3 0 0 0 0 0 0 0 0 0 0 1 	# -16.347746 -0.023941 -0.109545 -0.059223 1.400991 0.237438 -0.041705 -0.069405 -3.142785 -3.601361 
214		0.980000	0	7	1.778442		1 6 4 0 0 0 0 0 0 3 0 2 6 0 0 0 0 2 0 0 1 0 0 2 1 0 3 0 0 0 0 0 7 0 3 0 4 0 0 0 0 0 0 0 0 0 2 0 2 0 	# -0.028116 -0.003976 0.003469 0.001890 0.004894 -0.020106 -0.003991 0.000895 0.187044 1.179509 
215		90.920000	26	253	53.304608		194 141 64 65 68 28 81 75 36 132 67 48 88 127 204 49 148 51 67 94 253 122 106 58 175 77 141 144 116 35 36 46 39 62 212 75 103 28 77 54 26 33 145 78 109 66 92 54 33 124 	# 11.975216 -0.479749 -0.255343 -0.131535 1.354256 0.035207 -0.584416 -0.162960 -7.140405 -7.813801 
216		468.600000	12	2499	486.015285		1045 65 48 290 12 1685 411 94 294 356 272 360 1127 381 810 1234 341 169 56 224 367 469 35 151 643 150 915 224 227 370 802 28 1388 331 21 625 2499 321 629 432 112 419 270 298 147 105 219 98 729 1132 	# 222.463017 -0.121299 -5.738535 -1.164459 -0.083693 -10.117813 -0.531470 -1.345019 14.401742 14.036657 
217		0.060000	0	1	0.239898		0 0 0 0 0 1 1 0 0 0 0 0 0 0 0 0 0 0 0 0 0 0 0 0 0 0 0 0 0 0 0 1 0 0 0 0 0 0 0 0 0 0 0 0 0 0 0 0 0 0 	# -578.167528 0.847530 8.425993 1.723217 2.784015 -21.840144 1.755405 2.070444 361.947309 363.269869 
218		0.000000	0	0	0.000000		0 0 0 0 0 0 0 0 0 0 0 0 0 0 0 0 0 0 0 0 0 0 0 0 0 0 0 0 0 0 0 0 0 0 0 0 0 0 0 0 0 0 0 0 0 0 0 0 0 0 	# 1.415845 0.027043 0.008521 -0.000043 -0.191807 -0.143478 0.028321 0.002365 1.491632 2.691294 
219		0.360000	0	2	0.597956		1 1 0 0 1 1 0 0 2 0 1 0 0 0 0 0 0 1 0 2 0 0 0 0 0 0 2 1 1 0 0 1 0 1 0 0 0 0 0 0 0 0 1 0 0 0 0 1 0 0 	# -16.347746 -0.023941 -0.109545 -0.059223 1.400991 0.237438 -0.041705 -0.069405 -3.142785 -3.601361 
220		1.420000	0	12	2.241446		0 0 0 3 2 0 0 2 1 5 0 1 0 0 2 4 1 0 0 0 3 0 0 0 1 12 4 2 0 0 3 2 0 0 0 0 2 1 1 0 3 2 3 1 8 0 1 1 0 0 	# -0.028116 -0.003976 0.003469 0.001890 0.004894 -0.020106 -0.003991 0.000895 0.187044 1.179509 
221		100.740000	16	250	59.073393		72 91 97 200 67 16 77 111 152 55 138 31 29 84 78 35 153 126 141 209 16 103 83 78 33 184 86 78 118 126 92 250 101 72 169 221 157 50 51 55 31 38 104 47 76 201 100 222 71 62 	# 11.975216 -0.479749 -0.255343 -0.131535 1.354256 0.035207 -0.584416 -0.162960 -7.140405 -7.813801 
222		479.340000	28	1084	279.755331		856 479 300 167 28 586 281 420 620 907 532 294 692 487 62 446 726 67 486 29 519 391 847 965 393 587 269 410 423 67 724 227 812 272 1084 448 345 547 109 720 859 261 911 195 178 584 583 233 1022 517 	# 222.463017 -0.121299 -5.738535 -1.164459 -0.083693 -10.117813 -0.531470 -1.345019 14.401742 14.036657 
223		0.000000	0	0	0.000000		0 0 0 0 0 0 0 0 0 0 0 0 0 0 0 0 0 0 0 0 0 0 0 0 0 0 0 0 0 0 0 0 0 0 0 0 0 0 0 0 0 0 0 0 0 0 0 0 0 0 	# -578.167528 0.847530 8.425993 1.723217 2.784015 -21.840144 1.755405 2.070444 361.947309 363.269869 
224		0.040000	0	1	0.197949		1 0 0 0 0 0 0 0 0 0 0 0 1 0 0 0 0 0 0 0 0 0 0 0 0 0 0 0 0 0 0 0 0 0 0 0 0 0 0 0 0 0 0 0 0 0 0 0 0 0 	# 1.415845 0.027043 0.008521 -0.000043 -0.191807 -0.143478 0.028321 0.002365 1.491632 2.691294 
225		0.180000	0	2	0.437526		0 0 0 0 1 1 0 0 0 0 0 0 0 1 0 0 0 0 0 0 1 0 0 0 0 0 0 0 2 0 0 0 0 0 1 0 0 0 0 0 0 0 0 0 0 1 0 0 1 0 	# -16.347746 -0.023941 -0.109545 -0.059223 1.400991 0.237438 -0.041705 -0.069405 -3.142785 -3.601361 
226		1.420000	0	7	1.990693		5 3 0 0 0 0 3 5 1 0 0 4 3 0 5 0 1 0 0 0 0 0 7 0 5 5 1 3 0 2 3 0 0 0 0 0 6 1 1 0 3 2 0 0 0 1 0 0 1 0 	# -0.028116 -0.003976 0.003469 0.001890 0.004894 -0.020106 -0.003991 0.000895 0.187044 1.179509 
227		98.740000	26	238	50.759461		62 107 26 113 103 171 238 160 70 163 181 137 105 90 77 84 56 233 140 105 152 37 107 39 73 98 35 144 92 33 139 35 83 69 120 157 156 53 92 103 46 38 62 130 53 57 107 63 37 106 	# 11.975216 -0.479749 -0.255343 -0.131535 1.354256 0.035207 -0.584416 -0.162960 -7.140405 -7.813801 
228		523.660000	20	1940	472.765274		32 1197 664 71 822 927 215 802 41 366 132 591 1940 742 274 87 255 68 20 1285 156 924 477 418 935 265 57 274 74 73 920 155 288 351 128 924 583 985 744 494 1083 1756 1576 560 195 152 148 29 436 492 	# 222.463017 -0.121299 -5.738535 -1.164459 -0.083693 -10.117813 -0.531470 -1.345019 14.401742 14.036657 
229		0.040000	0	1	0.197949		0 0 0 1 0 0 0 0 0 0 0 0 0 0 0 0 0 0 1 0 0 0 0 0 0 0 0 0 0 0 0 0 0 0 0 0 0 0 0 0 0 0 0 0 0 0 0 0 0 0 	# -578.167528 0.847530 8.425993 1.723217 2.784015 -21.840144 1.755405 2.070444 361.947309 363.269869 
230		0.040000	0	1	0.197949		0 0 0 0 0 0 0 0 0 0 0 0 0 0 0 0 0 0 0 0 0 0 0 0 0 1 0 0 0 0 0 0 0 0 0 0 0 0 1 0 0 0 0 0 0 0 0 0 0 0 	# 1.415845 0.027043 0.008521 -0.000043 -0.191807 -0.143478 0.028321 0.002365 1.491632 2.691294 
231		0.540000	0	3	0.813408		0 0 0 0 0 1 0 0 0 1 1 2 0 0 2 0 0 2 0 2 0 3 0 1 1 0 2 0 0 0 2 0 0 1 0 2 0 0 1 1 0 1 0 0 0 0 1 0 0 0 	# -16.347746 -0.023941 -0.109545 -0.059223 1.400991 0.237438 -0.041705 -0.069405 -3.142785 -3.601361 
232		1.400000	0	13	2.294625		1 0 1 3 13 0 0 1 3 0 2 5 7 0 0 2 0 1 0 2 0 0 2 0 0 0 1 0 0 2 0 4 0 0 1 2 4 2 0 4 0 2 0 0 0 0 2 1 2 0 	# -0.028116 -0.003976 0.003469 0.001890 0.004894 -0.020106 -0.003991 0.000895 0.187044 1.179509 
233		94.300000	19	283	49.242942		103 81 62 73 91 55 63 104 147 183 45 114 53 177 108 53 57 45 63 75 69 33 40 77 58 150 114 109 134 283 123 44 177 56 145 159 107 102 111 106 168 19 87 88 52 57 64 73 90 68 	# 11.975216 -0.479749 -0.255343 -0.131535 1.354256 0.035207 -0.584416 -0.162960 -7.140405 -7.813801 
234		586.880000	12	3114	636.283682		1231 934 763 564 804 159 171 672 622 1483 747 666 153 73 173 107 1193 38 638 560 546 34 419 247 217 78 261 3114 445 341 1481 660 414 427 284 312 596 351 192 3004 104 178 603 85 12 653 110 1115 158 1152 	# 222.463017 -0.121299 -5.738535 -1.164459 -0.083693 -10.117813 -0.531470 -1.345019 14.401742 14.036657 
235		0.040000	0	2	0.282843		0 0 0 0 0 0 0 0 0 0 0 0 0 0 0 0 0 0 0 0 0 0 0 0 0 0 0 0 0 0 0 0 0 0 0 0 0 0 0 0 0 0 0 0 0 0 0 0 0 2 	# -578.167528 0.847530 8.425993 1.723217 2.784015 -21.840144 1.755405 2.070444 361.947309 363.269869 
236		0.040000	0	1	0.197949		0 0 0 0 0 0 0 0 0 1 0 0 0 1 0 0 0 0 0 0 0 0 0 0 0 0 0 0 0 0 0 0 0 0 0 0 0 0 0 0 0 0 0 0 0 0 0 0 0 0 	# 1.415845 0.027043 0.008521 -0.000043 -0.191807 -0.143478 0.028321 0.002365 1.491632 2.691294 
237		0.360000	0	3	0.662709		1 0 0 0 0 0 0 0 0 1 1 1 0 0 0 0 0 0 1 0 0 0 3 0 0 1 1 0 0 0 1 0 0 0 1 0 0 1 1 0 0 0 2 0 0 2 0 0 0 0 	# -16.347746 -0.023941 -0.109545 -0.059223 1.400991 0.237438 -0.041705 -0.069405 -3.142785 -3.601361 
238		1.200000	0	11	1.937809		2 0 11 0 2 0 2 0 0 2 0 0 0 0 0 4 1 0 5 2 2 0 0 0 1 0 0 0 2 2 1 4 3 0 0 0 2 2 0 0 0 0 1 0 2 0 2 4 1 0 	# -0.028116 -0.003976 0.003469 0.001890 0.004894 -0.020106 -0.003991 0.000895 0.187044 1.179509 
239		102.820000	11	352	59.359400		51 89 113 85 78 151 149 139 163 41 42 70 66 86 112 141 214 98 63 156 83 352 87 101 59 65 43 58 68 185 11 37 260 118 121 114 111 99 98 157 34 108 77 94 101 90 92 64 95 52 	# 11.975216 -0.479749 -0.255343 -0.131535 1.354256 0.035207 -0.584416 -0.162960 -7.140405 -7.813801 
240		517.100000	54	3141	538.583791		185 636 497 501 305 961 1076 130 482 215 507 118 604 64 1403 448 175 1351 284 107 446 290 1610 356 130 184 490 3141 224 522 57 54 122 899 112 436 397 429 451 855 811 472 366 100 371 166 1480 281 372 182 	# 222.463017 -0.121299 -5.738535 -1.164459 -0.083693 -10.117813 -0.531470 -1.345019 14.401742 14.036657 
241		0.000000	0	0	0.000000		0 0 0 0 0 0 0 0 0 0 0 0 0 0 0 0 0 0 0 0 0 0 0 0 0 0 0 0 0 0 0 0 0 0 0 0 0 0 0 0 0 0 0 0 0 0 0 0 0 0 	# -578.167528 0.847530 8.425993 1.723217 2.784015 -21.840144 1.755405 2.070444 361.947309 363.269869 
242		0.040000	0	1	0.197949		0 0 0 0 0 0 0 0 0 0 0 0 0 0 0 0 0 0 0 0 0 0 0 0 0 1 0 0 0 0 0 0 0 0 0 0 0 0 0 0 0 0 0 0 0 0 0 1 0 0 	# 1.415845 0.027043 0.008521 -0.000043 -0.191807 -0.143478 0.028321 0.002365 1.491632 2.691294 
243		0.380000	0	3	0.666701		0 2 1 0 0 0 0 0 0 1 1 0 0 0 0 1 0 0 1 1 0 1 0 0 0 0 0 2 1 1 0 0 0 0 0 0 0 0 0 0 0 1 0 1 3 0 0 0 0 1 	# -16.347746 -0.023941 -0.109545 -0.059223 1.400991 0.237438 -0.041705 -0.069405 -3.142785 -3.601361 
244		1.220000	0	9	2.053270		0 1 2 0 0 0 0 2 3 1 0 3 2 0 6 0 0 0 0 6 0 0 0 0 3 0 2 0 1 0 0 4 0 0 9 0 1 1 0 1 0 2 0 7 0 1 0 3 0 0 	# -0.028116 -0.003976 0.003469 0.001890 0.004894 -0.020106 -0.003991 0.000895 0.187044 1.179509 
245		92.920000	17	329	56.796033		128 103 71 103 65 125 63 188 30 67 90 34 329 93 69 76 105 65 60 36 100 73 40 125 76 213 49 17 80 103 145 68 26 159 102 129 119 82 73 85 30 131 59 76 227 83 51 133 46 46 	# 11.975216 -0.479749 -0.255343 -0.131535 1.354256 0.035207 -0.584416 -0.162960 -7.140405 -7.813801 
246		568.180000	11	2157	588.632718		886 509 511 125 1463 136 11 503 1826 2026 1498 1987 490 65 213 449 1001 548 307 119 909 289 31 424 556 235 238 108 973 84 22 177 2157 474 124 432 1035 70 220 308 28 649 126 78 818 204 139 1533 63 1232 	# 222.463017 -0.121299 -5.738535 -1.164459 -0.083693 -10.117813 -0.531470 -1.345019 14.401742 14.036657 
247		0.020000	0	1	0.141421		0 1 0 0 0 0 0 0 0 0 0 0 0 0 0 0 0 0 0 0 0 0 0 0 0 0 0 0 0 0 0 0 0 0 0 0 0 0 0 0 0 0 0 0 0 0 0 0 0 0 	# -578.167528 0.847530 8.425993 1.723217 2.784015 -21.840144 1.755405 2.070444 361.947309 363.269869 
248		0.000000	0	0	0.000000		0 0 0 0 0 0 0 0 0 0 0 0 0 0 0 0 0 0 0 0 0 0 0 0 0 0 0 0 0 0 0 0 0 0 0 0 0 0 0 0 0 0 0 0 0 0 0 0 0 0 	# 1.415845 0.027043 0.008521 -0.000043 -0.191807 -0.143478 0.028321 0.002365 1.491632 2.691294 
249		0.300000	0	2	0.580288		1 0 1 0 0 0 0 0 0 0 0 0 0 0 0 0 0 0 0 0 2 1 0 0 1 0 0 0 0 0 0 2 0 0 0 0 1 0 0 0 0 1 1 2 0 0 1 0 1 0 	# -16.347746 -0.023941 -0.109545 -0.059223 1.400991 0.237438 -0.041705 -0.069405 -3.142785 -3.601361 
250		1.240000	0	8	1.954169		2 0 0 0 3 1 2 0 2 1 0 3 0 0 0 3 0 0 1 3 5 0 0 0 2 2 0 0 0 4 0 1 0 7 3 0 0 0 0 0 8 1 0 2 0 6 0 0 0 0 	# -0.028116 -0.003976 0.003469 0.001890 0.004894 -0.020106 -0.003991 0.000895 0.187044 1.179509 
251		100.740000	26	308	62.501856		169 26 75 52 44 111 207 55 117 48 80 173 82 117 83 56 137 64 58 58 34 57 147 243 86 222 170 59 84 151 167 46 53 164 44 30 308 99 51 200 149 69 86 107 107 56 77 40 60 59 	# 11.975216 -0.479749 -0.255343 -0.131535 1.354256 0.035207 -0.584416 -0.162960 -7.140405 -7.813801 
252		589.720000	19	2336	522.707865		150 1187 486 223 34 309 147 636 147 49 473 116 890 588 101 879 331 974 95 79 1135 500 346 269 170 92 863 693 1074 19 193 1258 259 35 671 1476 1812 604 1139 321 1658 249 921 2336 1083 287 928 218 438 545 	# 222.463017 -0.121299 -5.738535 -1.164459 -0.083693 -10.117813 -0.531470 -1.345019 14.401742 14.036657 
253		0.000000	0	0	0.000000		0 0 0 0 0 0 0 0 0 0 0 0 0 0 0 0 0 0 0 0 0 0 0 0 0 0 0 0 0 0 0 0 0 0 0 0 0 0 0 0 0 0 0 0 0 0 0 0 0 0 	# -578.167528 0.847530 8.425993 1.723217 2.784015 -21.840144 1.755405 2.070444 361.947309 363.269869 
254		0.080000	0	1	0.274048		0 0 0 0 0 0 0 0 0 0 0 0 0 0 0 0 0 1 0 0 0 1 0 0 0 0 1 0 0 0 0 0 0 0 0 0 0 0 0 0 0 0 0 0 0 0 1 0 0 0 	# 1.415845 0.027043 0.008521 -0.000043 -0.191807 -0.143478 0.028321 0.002365 1.491632 2.691294 
255		0.420000	0	3	0.730949		1 0 0 0 2 0 1 0 0 0 0 0 2 0 0 0 1 1 0 0 0 0 0 0 1 0 0 0 0 0 1 0 0 0 3 0 0 1 0 2 1 0 0 2 0 0 1 0 0 1 	# -16.347746 -0.023941 -0.109545 -0.059223 1.400991 0.237438 -0.041705 -0.069405 -3.142785 -3.601361 
256		1.180000	0	7	1.734288		1 0 3 0 0 0 1 0 0 3 0 0 2 2 0 2 3 1 0 0 0 1 2 3 5 0 4 0 0 0 4 0 0 0 0 0 0 1 0 1 3 7 0 2 0 6 0 2 0 0 	# -0.028116 -0.003976 0.003469 0.001890 0.004894 -0.020106 -0.003991 0.000895 0.187044 1.179509 
257		89.060000	15	204	52.071148		78 66 123 119 22 115 24 203 78 160 88 61 66 204 40 46 84 41 56 21 82 149 35 59 74 108 177 168 114 44 141 50 42 36 74 15 61 125 42 142 62 167 100 55 158 184 52 20 117 105 	# 11.975216 -0.479749 -0.255343 -0.131535 1.354256 0.035207 -0.584416 -0.162960 -7.140405 -7.813801 
258		681.040000	10	2392	589.197343		905 693 369 1031 782 812 1168 23 160 241 1759 1996 1735 1612 58 447 418 932 354 10 339 27 446 12 169 345 272 464 765 198 676 710 1628 906 808 187 843 676 293 442 1078 1138 90 232 538 161 543 2027 142 2392 	# 222.463017 -0.121299 -5.738535 -1.164459 -0.083693 -10.117813 -0.531470 -1.345019 14.401742 14.036657 
259		0.040000	0	1	0.197949		0 0 0 0 0 0 0 0 0 0 0 0 0 0 0 0 0 0 0 1 0 0 1 0 0 0 0 0 0 0 0 0 0 0 0 0 0 0 0 0 0 0 0 0 0 0 0 0 0 0 	# -578.167528 0.847530 8.425993 1.723217 2.784015 -21.840144 1.755405 2.070444 361.947309 363.269869 
260		0.000000	0	0	0.000000		0 0 0 0 0 0 0 0 0 0 0 0 0 0 0 0 0 0 0 0 0 0 0 0 0 0 0 0 0 0 0 0 0 0 0 0 0 0 0 0 0 0 0 0 0 0 0 0 0 0 	# 1.415845 0.027043 0.008521 -0.000043 -0.191807 -0.143478 0.028321 0.002365 1.491632 2.691294 
261		0.520000	0	3	0.706818		0 0 0 1 1 0 1 1 0 0 0 0 1 0 2 0 0 0 1 0 0 2 1 1 1 1 1 0 0 1 0 1 0 0 2 1 1 0 1 0 1 0 0 3 0 0 0 0 0 0 	# -16.347746 -0.023941 -0.109545 -0.059223 1.400991 0.237438 -0.041705 -0.069405 -3.142785 -3.601361 
262		1.200000	0	5	1.690309		0 4 0 4 0 0 0 0 2 3 0 0 3 5 1 4 0 1 0 0 0 0 2 0 0 0 0 5 0 5 0 0 1 0 0 0 3 4 0 0 3 2 3 0 0 0 2 0 0 3 	# -0.028116 -0.003976 0.003469 0.001890 0.004894 -0.020106 -0.003991 0.000895 0.187044 1.179509 
263		92.500000	15	282	56.942237		123 97 60 198 53 108 41 134 114 44 212 267 69 144 102 30 59 57 128 47 91 152 85 68 113 80 39 126 63 48 64 127 31 100 40 55 112 282 15 138 52 76 104 28 119 67 29 59 74 101 	# 11.975216 -0.479749 -0.255343 -0.131535 1.354256 0.035207 -0.584416 -0.162960 -7.140405 -7.813801 
264		569.080000	13	2449	551.226419		13 603 997 285 518 113 548 187 210 310 588 64 421 156 328 1200 1307 440 240 1007 1214 161 348 1415 478 2449 732 57 897 448 185 925 1424 328 118 625 1994 248 1462 202 40 172 495 1513 183 71 97 125 174 339 	# 222.463017 -0.121299 -5.738535 -1.164459 -0.083693 -10.117813 -0.531470 -1.345019 14.401742 14.036657 
265		0.000000	0	0	0.000000		0 0 0 0 0 0 0 0 0 0 0 0 0 0 0 0 0 0 0 0 0 0 0 0 0 0 0 0 0 0 0 0 0 0 0 0 0 0 0 0 0 0 0 0 0 0 0 0 0 0 	# -578.167528 0.847530 8.425993 1.723217 2.784015 -21.840144 1.755405 2.070444 361.947309 363.269869 
266		0.060000	0	1	0.239898		0 0 0 0 0 0 0 0 0 1 0 0 1 0 0 0 0 0 0 0 0 0 0 0 1 0 0 0 0 0 0 0 0 0 0 0 0 0 0 0 0 0 0 0 0 0 0 0 0 0 	# 1.415845 0.027043 0.008521 -0.000043 -0.191807 -0.143478 0.028321 0.002365 1.491632 2.691294 
267		0.500000	0	4	0.814411		0 0 0 0 0 1 0 0 0 0 0 0 0 1 0 0 0 0 0 2 0 0 0 1 2 0 1 2 0 0 2 4 1 1 0 0 1 1 1 1 0 1 0 1 0 0 0 0 1 0 	# -16.347746 -0.023941 -0.109545 -0.059223 1.400991 0.237438 -0.041705 -0.069405 -3.142785 -3.601361 
268		1.840000	0	12	3.079624		0 1 1 3 0 0 0 1 0 2 0 0 0 0 0 0 8 7 0 0 0 0 3 3 0 0 0 1 0 3 0 11 11 5 0 0 3 0 0 3 0 0 5 0 3 0 2 12 3 1 	# -0.028116 -0.003976 0.003469 0.001890 0.004894 -0.020106 -0.003991 0.000895 0.187044 1.179509 
269		95.840000	14	231	49.709507		204 86 57 231 77 198 68 43 120 23 124 112 48 71 116 157 145 56 138 79 85 97 167 14 155 100 76 131 64 94 93 51 84 152 69 114 99 76 46 59 50 76 154 49 30 44 118 77 179 36 	# 11.975216 -0.479749 -0.255343 -0.131535 1.354256 0.035207 -0.584416 -0.162960 -7.140405 -7.813801 
270		520.600000	35	2251	427.395386		351 60 65 650 107 591 222 593 677 563 109 35 765 245 637 392 850 99 184 162 714 670 571 458 666 589 161 1259 403 183 796 2251 455 684 304 347 1871 313 396 725 300 233 172 92 75 864 682 981 816 642 	# 222.463017 -0.121299 -5.738535 -1.164459 -0.083693 -10.117813 -0.531470 -1.345019 14.401742 14.036657 
271		0.040000	0	1	0.197949		0 0 1 0 0 0 0 0 0 0 0 0 0 0 0 0 0 0 0 0 0 0 0 0 0 0 0 0 0 0 0 0 0 0 0 0 1 0 0 0 0 0 0 0 0 0 0 0 0 0 	# -578.167528 0.847530 8.425993 1.723217 2.784015 -21.840144 1.755405 2.070444 361.947309 363.269869 
272		0.020000	0	1	0.141421		0 0 0 1 0 0 0 0 0 0 0 0 0 0 0 0 0 0 0 0 0 0 0 0 0 0 0 0 0 0 0 0 0 0 0 0 0 0 0 0 0 0 0 0 0 0 0 0 0 0 	# 1.415845 0.027043 0.008521 -0.000043 -0.191807 -0.143478 0.028321 0.002365 1.491632 2.691294 
273		0.360000	0	2	0.631163		0 0 1 0 2 0 0 0 0 0 0 0 0 1 0 0 1 0 0 2 1 1 0 0 0 0 0 0 0 1 0 0 0 0 0 0 0 1 1 2 1 0 1 0 0 2 0 0 0 0 	# -16.347746 -0.023941 -0.109545 -0.059223 1.400991 0.237438 -0.041705 -0.069405 -3.142785 -3.601361 
274		0.840000	0	4	1.330337		0 2 4 0 0 3 0 0 3 0 0 3 4 1 0 0 1 4 1 0 0 0 0 2 0 0 0 2 0 0 0 0 0 1 0 0 0 0 0 0 1 4 0 0 3 0 0 1 0 2 	# -0.028116 -0.003976 0.003469 0.001890 0.004894 -0.020106 -0.003991 0.000895 0.187044 1.179509 
275		94.160000	10	295	57.237550		169 102 295 38 64 131 97 229 109 150 46 76 58 64 113 35 73 49 106 141 104 79 59 51 36 66 135 59 109 74 190 35 91 10 133 85 135 178 51 172 10 139 81 47 80 151 43 84 16 60 	# 11.975216 -0.479749 -0.255343 -0.131535 1.354256 0.035207 -0.584416 -0.162960 -7.140405 -7.813801 
276		582.360000	30	2923	604.652970		960 371 629 46 1101 30 238 226 199 742 63 54 163 96 371 2170 430 391 1586 641 681 390 233 292 59 1119 520 61 782 1263 695 53 517 1041 441 2199 121 357 483 2923 593 307 916 156 268 1150 57 284 133 517 	# 222.463017 -0.121299 -5.738535 -1.164459 -0.083693 -10.117813 -0.531470 -1.345019 14.401742 14.036657 
277		0.000000	0	0	0.000000		0 0 0 0 0 0 0 0 0 0 0 0 0 0 0 0 0 0 0 0 0 0 0 0 0 0 0 0 0 0 0 0 0 0 0 0 0 0 0 0 0 0 0 0 0 0 0 0 0 0 	# -578.167528 0.847530 8.425993 1.723217 2.784015 -21.840144 1.755405 2.070444 361.947309 363.269869 
278		0.040000	0	1	0.197949		0 0 0 0 0 0 0 0 1 0 0 0 0 0 0 0 0 0 0 0 0 0 0 0 0 0 0 0 0 0 0 0 0 0 0 0 0 0 0 1 0 0 0 0 0 0 0 0 0 0 	# 1.415845 0.027043 0.008521 -0.000043 -0.191807 -0.143478 0.028321 0.002365 1.491632 2.691294 
279		0.300000	0	3	0.580288		0 0 0 0 0 0 0 0 0 0 0 0 0 0 0 0 0 0 0 0 0 0 1 3 0 1 1 1 0 0 0 0 1 0 0 1 0 0 0 1 1 1 0 0 0 0 0 1 1 1 	# -16.347746 -0.023941 -0.109545 -0.059223 1.400991 0.237438 -0.041705 -0.069405 -3.142785 -3.601361 
280		1.060000	0	8	1.834032		0 0 4 0 0 0 0 1 0 0 0 0 3 0 0 2 0 0 2 0 1 0 0 3 2 4 0 0 5 0 8 0 2 0 2 0 2 0 0 1 0 0 7 0 2 0 0 1 0 1 	# -0.028116 -0.003976 0.003469 0.001890 0.004894 -0.020106 -0.003991 0.000895 0.187044 1.179509 
281		78.820000	17	240	47.819683		113 56 173 77 40 240 110 21 17 28 187 63 66 42 92 65 59 27 103 17 81 219 113 65 87 57 17 48 98 100 84 47 64 42 149 70 74 46 84 56 79 62 84 109 67 64 33 47 100 99 	# 11.975216 -0.479749 -0.255343 -0.131535 1.354256 0.035207 -0.584416 -0.162960 -7.140405 -7.813801 
282		528.600000	30	2507	536.876948		385 804 1129 164 2507 363 777 385 729 1851 396 364 1021 105 413 222 568 365 263 407 319 276 122 732 288 140 499 96 398 30 152 169 49 754 2444 243 442 98 244 218 138 1138 194 524 69 675 1222 489 653 397 	# 222.463017 -0.121299 -5.738535 -1.164459 -0.083693 -10.117813 -0.531470 -1.345019 14.401742 14.036657 
283		0.020000	0	1	0.141421		0 0 0 0 0 0 0 0 0 0 0 0 0 0 0 0 0 0 0 0 0 0 0 0 0 0 0 0 0 0 0 0 0 0 0 0 0 0 0 0 0 0 0 1 0 0 0 0 0 0 	# -578.167528 0.847530 8.425993 1.723217 2.784015 -21.840144 1.755405 2.070444 361.947309 363.269869 
284		0.040000	0	1	0.197949		0 0 0 0 0 0 0 0 0 0 0 0 0 1 0 0 0 0 0 0 0 0 0 0 0 0 0 0 0 0 0 0 0 0 0 0 0 0 0 0 0 0 0 0 0 1 0 0 0 0 	# 1.415845 0.027043 0.008521 -0.000043 -0.191807 -0.143478 0.028321 0.002365 1.491632 2.691294 
285		0.460000	0	4	0.908239		0 0 0 0 1 0 1 1 0 0 0 0 0 0 0 0 1 0 0 0 3 3 0 0 0 2 0 0 1 4 1 1 0 0 0 0 0 0 0 0 0 0 0 1 1 0 0 2 0 0 	# -16.347746 -0.023941 -0.109545 -0.059223 1.400991 0.237438 -0.041705 -0.069405 -3.142785 -3.601361 
286		0.920000	0	9	1.793867		1 0 2 0 0 9 0 2 1 1 0 1 0 0 0 0 0 0 2 1 0 0 0 1 0 0 0 0 5 0 0 5 0 5 0 2 0 0 3 0 0 3 0 0 0 0 0 2 0 0 	# -0.028116 -0.003976 0.003469 0.001890 0.004894 -0.020106 -0.003991 0.000895 0.187044 1.179509 
287		98.360000	22	318	59.739147		77 36 116 156 58 103 54 51 63 74 122 86 112 107 59 208 175 27 86 149 127 65 65 43 96 187 214 247 36 79 95 159 69 88 48 110 66 127 318 46 80 42 117 22 52 52 109 101 44 95 	# 11.975216 -0.479749 -0.255343 -0.131535 1.354256 0.035207 -0.584416 -0.162960 -7.140405 -7.813801 
288		422.420000	9	1771	378.179856		536 616 441 228 152 913 206 882 399 161 77 389 621 201 454 74 1771 1335 786 124 663 254 269 218 183 9 320 161 831 581 501 113 363 352 566 954 146 646 149 597 36 252 58 62 70 574 42 171 221 1393 	# 222.463017 -0.121299 -5.738535 -1.164459 -0.083693 -10.117813 -0.531470 -1.345019 14.401742 14.036657 
289		0.020000	0	1	0.141421		0 0 0 0 0 0 0 0 0 0 0 0 0 0 1 0 0 0 0 0 0 0 0 0 0 0 0 0 0 0 0 0 0 0 0 0 0 0 0 0 0 0 0 0 0 0 0 0 0 0 	# -578.167528 0.847530 8.425993 1.723217 2.784015 -21.840144 1.755405 2.070444 361.947309 363.269869 
290		0.100000	0	2	0.416497		0 0 0 0 0 0 0 0 0 0 0 0 1 0 0 2 0 0 0 0 2 0 0 0 0 0 0 0 0 0 0 0 0 0 0 0 0 0 0 0 0 0 0 0 0 0 0 0 0 0 	# 1.415845 0.027043 0.008521 -0.000043 -0.191807 -0.143478 0.028321 0.002365 1.491632 2.691294 
291		0.420000	0	4	0.905539		0 0 0 0 0 0 0 0 1 0 0 1 0 0 0 0 0 1 4 2 0 0 0 4 0 0 1 0 0 0 0 0 0 0 0 0 1 1 0 1 2 1 0 1 0 0 0 0 0 0 	# -16.347746 -0.023941 -0.109545 -0.059223 1.400991 0.237438 -0.041705 -0.069405 -3.142785 -3.601361 
292		1.020000	0	9	1.708203		0 0 0 0 0 0 1 0 1 0 1 2 0 0 1 4 2 9 0 3 0 2 5 2 2 2 2 0 0 3 0 0 1 0 0 0 0 0 0 0 0 1 0 0 0 0 4 1 2 0 	# -0.028116 -0.003976 0.003469 0.001890 0.004894 -0.020106 -0.003991 0.000895 0.187044 1.179509 
293		92.440000	17	250	51.511108		81 44 97 71 81 78 142 41 24 69 52 156 80 44 167 21 134 213 33 23 133 119 76 71 74 131 103 17 154 80 250 174 56 34 150 76 72 81 81 175 140 127 65 60 44 91 77 122 45 93 	# 11.975216 -0.479749 -0.255343 -0.131535 1.354256 0.035207 -0.584416 -0.162960 -7.140405 -7.813801 
294		808.740000	49	3707	743.350490		1379 1276 50 1890 268 3707 49 732 2171 418 205 263 901 505 104 111 907 172 328 2218 1816 241 998 597 698 1056 89 88 770 58 1583 1088 1094 392 1236 685 181 1566 490 218 343 590 664 1472 285 1130 270 2167 454 464 	# 222.463017 -0.121299 -5.738535 -1.164459 -0.083693 -10.117813 -0.531470 -1.345019 14.401742 14.036657 
295		0.060000	0	1	0.239898		0 0 0 0 0 0 0 0 1 0 0 0 0 0 0 0 0 0 0 0 0 0 0 0 0 0 0 0 0 0 0 0 0 0 1 0 0 0 0 0 0 1 0 0 0 0 0 0 0 0 	# -578.167528 0.847530 8.425993 1.723217 2.784015 -21.840144 1.755405 2.070444 361.947309 363.269869 
296		0.060000	0	2	0.313636		0 0 0 0 0 0 0 1 0 0 0 0 0 0 0 0 0 0 0 0 0 0 0 0 0 0 0 0 0 0 0 0 0 0 0 0 0 0 0 0 0 2 0 0 0 0 0 0 0 0 	# 1.415845 0.027043 0.008521 -0.000043 -0.191807 -0.143478 0.028321 0.002365 1.491632 2.691294 
297		0.260000	0	3	0.599660		0 1 0 0 0 0 0 1 0 0 0 0 0 1 0 0 0 1 0 2 0 0 0 0 0 0 1 0 0 3 0 0 1 0 0 1 0 1 0 0 0 0 0 0 0 0 0 0 0 0 	# -16.347746 -0.023941 -0.109545 -0.059223 1.400991 0.237438 -0.041705 -0.069405 -3.142785 -3.601361 
298		1.020000	0	9	1.684140		1 4 2 0 0 0 4 0 0 0 0 1 0 0 0 0 3 2 3 9 0 0 0 0 0 0 1 0 0 2 3 2 0 0 2 0 0 1 3 2 0 0 2 0 0 0 3 0 0 1 	# -0.028116 -0.003976 0.003469 0.001890 0.004894 -0.020106 -0.003991 0.000895 0.187044 1.179509 
299		84.520000	8	408	67.113440		58 56 81 126 41 57 64 131 75 42 45 75 103 97 79 138 74 8 121 15 408 47 66 68 40 149 34 31 95 162 186 27 38 11 196 37 126 109 92 58 158 199 51 54 66 56 37 17 72 50 	# 11.975216 -0.479749 -0.255343 -0.131535 1.354256 0.035207 -0.584416 -0.162960 -7.140405 -7.813801 
